ATAT 0.731602 -1.119070 0.015482 -0.053577 -0.000535 -0.044354 1.679707 -3.663503 -2.161841 -0.237545 9.548005 -1.166313 0.000000 0.538547 3.532298 0.000000 -0.415257 3.607945 1.679707 -3.663503 -2.161841 -0.237545 9.548005 -1.166313 -0.731602 -1.119070 0.015482 0.053577 -0.000535 -0.044354
TTAA -0.063216 -0.854741 0.121508 -0.098964 -0.007442 -0.080800 0.335475 -3.040824 -1.181421 -1.088942 9.313048 -2.153043 0.000000 0.592723 2.846101 0.000000 0.009411 3.276194 0.335475 -3.040824 -1.181421 -1.088942 9.313048 -2.153043 0.063216 -0.854741 0.121508 0.098964 -0.007442 -0.080800
CTAG -0.354027 -0.742961 0.072663 -0.096493 -0.006064 0.132838 -0.020024 -3.156628 -1.388740 -0.947489 9.117387 -2.305858 0.000000 0.325059 2.971822 0.000000 0.207750 3.096599 -0.020024 -3.156628 -1.388740 -0.947489 9.117387 -2.305858 0.354027 -0.742961 0.072663 0.096493 -0.006064 0.132838
GTAC -0.034445 -0.636086 -0.078585 -0.110945 -0.000932 0.071536 0.496668 -3.589306 -1.646078 -0.631999 9.248455 -1.951500 0.000000 0.340397 3.218760 0.000000 0.053176 3.273921 0.496668 -3.589306 -1.646078 -0.631999 9.248455 -1.951500 0.034445 -0.636086 -0.078585 0.110945 -0.000932 0.071536
ATAC 0.195435 -1.138114 0.012787 -0.072832 0.002841 -0.020736 0.860076 -3.638028 -2.095208 -0.315289 9.311717 -1.552028 -0.051669 0.440213 3.324752 0.147394 -0.149425 3.374852 1.009828 -3.514272 -1.458804 -0.672115 9.429394 -1.830499 -0.202358 -0.569616 -0.027370 0.110115 -0.000441 0.071087
GTAG 0.016145 -0.520025 -0.003558 -0.125279 -0.000992 0.022069 0.281415 -3.146386 -1.349705 -0.958167 9.250554 -2.173524 -0.055904 0.400266 3.010574 -0.088382 0.138156 3.139621 0.122450 -3.444040 -1.583547 -0.747133 9.078260 -2.206731 0.608992 -0.689835 0.095494 0.099848 0.004975 0.082915
TTAG -0.401114 -0.605773 0.110327 -0.095621 -0.002369 -0.040426 0.083625 -3.061083 -1.240492 -1.043461 9.131114 -2.422237 -0.106093 0.457803 2.826671 0.039159 0.124170 3.087984 0.123029 -3.082926 -1.360467 -1.029795 9.189350 -2.214785 0.431457 -0.627651 0.145514 0.081712 -0.000369 0.143609
CTAT -0.824648 -0.768433 0.179551 -0.067721 -0.002542 0.176631 0.004989 -2.991597 -1.128061 -1.131348 9.152770 -2.390852 -0.081337 0.328567 3.139817 -0.514065 0.119058 3.182109 0.488933 -3.699970 -2.183707 -0.259162 9.168470 -1.684094 -0.434478 -0.633788 0.006603 0.079406 0.013006 0.036713
TTAC -0.595663 -0.753341 0.144416 -0.084772 -0.004211 -0.075143 0.177928 -3.061913 -1.190510 -1.077624 9.176946 -2.398197 -0.114134 0.529836 2.815592 -0.052334 0.031387 3.148778 0.436467 -3.203578 -1.291804 -0.998892 9.315802 -2.095406 0.026159 -0.405634 0.027414 0.108843 -0.002035 0.070430
TTAT -0.656375 -0.788560 0.160736 -0.074817 -0.009991 -0.053364 0.050319 -3.214331 -1.189329 -0.971989 9.125686 -2.384182 -0.220637 0.401551 3.209584 -0.412617 0.107535 3.270496 0.599767 -3.893523 -2.233205 -0.195714 9.217464 -1.490125 -0.505657 -0.523567 0.006811 0.068713 0.012940 0.039280
GCGC -0.198227 -0.514792 -0.101156 0.113658 -0.084746 0.208393 0.525804 -3.583397 -0.858889 -0.954857 9.389250 -2.222656 0.000000 0.565962 2.801660 0.000000 -0.167794 3.178383 0.525804 -3.583397 -0.858889 -0.954857 9.389250 -2.222656 0.198227 -0.514792 -0.101156 -0.113658 -0.084746 0.208393
CCGG -0.654674 -0.167084 -0.030032 0.111187 -0.065739 0.198517 -0.070011 -3.235624 -1.063083 -1.015461 9.161723 -2.406986 0.000000 0.352874 2.620234 0.000000 0.058382 2.988230 -0.070011 -3.235624 -1.063083 -1.015461 9.161723 -2.406986 0.654674 -0.167084 -0.030032 -0.111187 -0.065739 0.198517
TCGA -0.653872 -0.237901 -0.001183 0.114381 -0.054575 0.106470 -0.085819 -2.940705 -0.757514 -1.325468 9.220400 -2.569537 0.000000 0.594267 2.330224 0.000000 -0.005469 3.000224 -0.085819 -2.940705 -0.757514 -1.325468 9.220400 -2.569537 0.653872 -0.237901 -0.001183 -0.114381 -0.054575 0.106470
ACGT 0.293889 -0.764317 0.022112 0.160127 -0.069386 0.078889 0.901885 -3.788516 -2.064525 -0.371929 9.357265 -1.458995 0.000000 0.604311 3.182376 0.000000 -0.181427 3.408159 0.901885 -3.788516 -2.064525 -0.371929 9.357265 -1.458995 -0.293889 -0.764317 0.022112 -0.160127 -0.069386 0.078889
CCGC -0.414357 -0.493696 -0.025660 0.132470 -0.080048 0.151386 0.336062 -3.136185 -1.098111 -1.092756 9.349588 -2.249436 -0.073554 0.530514 2.598103 -0.090196 -0.098300 3.121898 0.173915 -3.398643 -0.923217 -1.130495 9.356876 -2.219874 0.226960 -0.496680 -0.053789 -0.093955 -0.074595 0.204388
CCGT -0.327068 -0.575784 -0.025982 0.170776 -0.089492 0.133108 0.261167 -3.443400 -1.561452 -0.774128 9.249734 -2.024039 -0.087736 0.502200 3.068136 -0.257217 0.059922 3.319834 0.454595 -3.994190 -2.167758 -0.307574 9.243849 -1.528242 -0.520426 -0.729557 -0.027417 -0.108333 -0.065308 0.133983
ACGC 0.323258 -0.630610 -0.009280 0.131283 -0.067048 0.111383 0.753852 -3.633946 -1.714940 -0.487016 9.375368 -1.798731 -0.093546 0.491978 3.166183 -0.195168 -0.031022 3.332053 0.326593 -4.222136 -1.913295 -0.362800 9.210574 -1.678377 0.083733 -0.634048 -0.077896 -0.147943 -0.087581 0.176732
TCGT -0.717053 -0.377023 0.013700 0.166093 -0.070012 0.027191 -0.095973 -3.004299 -0.594488 -1.359469 9.203830 -2.662750 -0.263323 0.527629 2.863798 -0.566585 0.113627 3.210400 0.221207 -4.244491 -2.241490 -0.187620 9.136548 -1.538474 -0.275539 -0.470728 -0.012966 -0.072269 -0.057290 0.162036
TCGC -0.453611 -0.418709 0.014852 0.145519 -0.069140 0.034400 0.006921 -2.705984 -0.333514 -1.631531 9.339257 -2.757514 -0.254742 0.564221 2.563172 -0.536154 0.055944 3.123859 0.049811 -3.839106 -1.905275 -0.571909 9.155316 -1.814118 0.244238 -0.313864 -0.056309 -0.089163 -0.073639 0.185667
TCGG -0.371693 -0.269958 0.000369 0.134658 -0.068298 0.053896 -0.104894 -2.674192 -0.264811 -1.661003 9.304235 -2.843961 -0.259450 0.492330 2.463956 -0.406208 0.065417 3.014348 -0.147906 -3.573185 -1.632474 -0.735637 9.083135 -2.122341 0.820239 -0.140408 -0.031975 -0.101816 -0.060113 0.243314
GCAA 0.068904 -0.204083 -0.067155 0.065975 -0.063813 0.174131 0.686326 -2.834670 0.016395 -1.760500 9.677939 -2.413090 0.222129 0.784438 2.385802 -0.119222 -0.403746 3.134686 0.272609 -3.154998 -0.100091 -1.477480 9.339162 -2.628006 0.765006 -0.913786 0.138895 0.063212 -0.021097 -0.094037
ACAA 0.662420 -0.568129 -0.000236 0.094370 -0.047176 0.039340 1.130541 -3.123335 -1.125745 -1.045900 9.666272 -1.672021 0.148796 0.710552 2.891912 -0.210856 -0.291834 3.380955 0.523747 -3.708020 -1.221557 -0.738325 9.261920 -2.017907 0.396073 -0.896254 0.090251 0.054280 -0.021123 -0.156062
GCAG 0.031066 -0.376663 -0.070202 0.078326 -0.067501 0.147558 0.416148 -2.965301 -0.648245 -1.398452 9.491637 -2.289315 0.036721 0.561867 2.626403 -0.094254 -0.182880 3.072541 0.383046 -3.274114 -1.009064 -0.969564 9.206768 -2.376516 0.901130 -0.592902 0.083789 0.044980 -0.004321 0.153192
CCAA -0.319722 -0.289333 -0.003900 0.116484 -0.066361 0.084980 0.335943 -2.574843 -0.724087 -1.439614 9.473410 -2.253600 0.060394 0.606343 2.519052 -0.282393 -0.135369 3.110857 0.325839 -3.294598 -1.213141 -0.919473 9.220066 -2.280770 0.530538 -0.468595 0.049107 0.066995 -0.003760 -0.051832
ACAG 0.422409 -0.440200 0.007729 0.115392 -0.051257 0.055340 0.684306 -3.181705 -1.104404 -0.971167 9.508398 -1.952747 -0.037326 0.525724 3.075260 -0.366065 -0.101755 3.260306 0.398061 -4.199466 -1.925397 -0.286211 9.073061 -1.829004 0.558434 -0.755711 0.080427 0.046730 -0.013156 0.061548
TCAA -0.493779 -0.242519 0.029731 0.127045 -0.055936 -0.035633 0.291781 -2.483242 -0.340159 -1.725352 9.422893 -2.617088 -0.004604 0.766547 2.407078 -0.409455 -0.107611 3.122269 0.412177 -3.282466 -1.550320 -0.768064 9.173073 -2.096456 0.420212 -0.547311 0.083423 0.063993 -0.004944 -0.108451
GCAC 0.002549 -0.476587 -0.057957 0.099033 -0.070913 0.130328 0.686308 -2.940321 -0.290425 -1.560924 9.650506 -2.333540 0.013321 0.661357 2.760658 -0.460736 -0.273522 3.222049 0.634797 -3.807761 -1.321501 -0.636620 9.277379 -1.999702 0.268506 -0.731974 -0.055153 0.112474 -0.004759 0.038622
ACAT 0.822782 -0.780827 0.025330 0.155227 -0.060033 0.011833 1.552204 -3.136449 -1.087558 -1.012496 9.809754 -1.563666 -0.024826 0.746199 3.266041 -0.588902 -0.402446 3.576304 1.299975 -4.311445 -2.649024 0.117331 9.289476 -1.018345 -0.459006 -1.200487 0.048634 0.070591 -0.002994 -0.131204
CCAG -0.489829 -0.097682 -0.017572 0.101513 -0.061824 0.098766 0.173995 -2.678356 -0.388973 -1.598773 9.353412 -2.680657 -0.041886 0.475834 2.582426 -0.343299 -0.041670 3.067339 0.123394 -3.405876 -1.534320 -0.799512 9.187053 -2.068934 0.453182 -0.739998 0.080542 0.064804 -0.013815 0.140538
GCAT 0.037669 -0.704969 -0.027629 0.146754 -0.081832 0.049162 0.831788 -3.290146 -1.035440 -1.107313 9.605733 -1.824506 -0.065142 0.631729 3.055772 -0.356044 -0.354321 3.380384 1.467603 -3.964624 -2.119529 -0.129372 9.421461 -1.366254 -0.411571 -0.681878 0.044040 0.057202 0.003073 0.037317
CCAC -0.639330 -0.140931 0.000291 0.123540 -0.060432 0.095307 0.258951 -2.672244 -0.279667 -1.661827 9.427967 -2.647856 -0.019226 0.556288 2.581204 -0.496454 -0.111835 3.099889 0.362591 -3.554076 -1.563530 -0.716644 9.228429 -1.989714 0.184955 -0.509377 -0.036231 0.114537 -0.004424 0.045196
ACAC 0.386256 -0.852756 0.020502 0.138169 -0.064636 0.006930 1.068777 -3.193454 -1.304399 -0.947970 9.631097 -1.704171 -0.088048 0.696765 3.129652 -0.441079 -0.291645 3.414265 1.159245 -4.209487 -1.898822 -0.220541 9.308408 -1.539450 -0.174554 -0.651573 -0.017129 0.086260 -0.004874 0.034043
TCAG -0.574579 -0.312214 0.018867 0.132024 -0.058219 0.035624 0.040352 -2.196618 -0.136833 -1.941435 9.368407 -2.872457 -0.166003 0.576754 2.336650 -0.421418 -0.038843 3.012112 0.130580 -3.185384 -1.393029 -0.954356 9.161980 -2.199829 0.606658 -0.500429 0.052488 0.076697 -0.004144 0.197412
CCAT -0.216296 -0.487652 0.009589 0.155937 -0.080134 0.065223 0.612469 -2.628255 -0.570322 -1.573435 9.601183 -2.294336 -0.127628 0.617428 2.914360 -0.794605 -0.170574 3.292760 0.830298 -4.198470 -2.458642 -0.015434 9.182815 -1.363769 -0.265209 -0.801478 0.011343 0.089542 0.006145 0.010476
TCAC -0.529368 -0.228699 0.024730 0.149431 -0.061827 -0.017632 0.123152 -2.489595 -0.017299 -1.883456 9.438202 -2.819094 -0.143058 0.629173 2.610677 -0.769662 -0.011593 3.165881 0.203896 -3.990771 -1.913022 -0.430337 9.100143 -1.793611 0.095951 -0.445960 -0.082216 0.137193 -0.000391 0.011157
TCAT -0.374356 -0.661770 0.053181 0.172995 -0.078614 -0.036933 0.278737 -2.736435 -0.415574 -1.649026 9.489831 -2.458832 -0.265524 0.709914 2.906288 -0.795966 -0.121923 3.318962 0.989349 -4.333600 -2.531270 0.069085 9.209146 -1.223606 -0.492245 -0.445686 -0.008208 0.078977 0.006939 0.063827
GAAA 0.531657 -1.142368 0.035534 0.080815 -0.007110 -0.116347 1.608579 -2.470206 -1.261553 -0.922038 9.908029 -1.860323 -0.130916 0.148558 2.993503 -0.100031 -0.581324 3.315730 1.114523 -3.148922 -1.370006 -0.766696 9.534054 -1.900456 0.565654 -1.244451 0.069182 0.082139 -0.015316 -0.070807
AAAA 0.565654 -1.244451 0.069182 0.082139 -0.015316 -0.070807 1.762150 -2.457243 -1.567645 -0.696202 9.945953 -1.683651 -0.122069 0.082369 3.156103 -0.208904 -0.583021 3.371605 1.042550 -3.263033 -1.728914 -0.563717 9.501902 -1.605476 0.296380 -1.286309 0.007021 0.087318 -0.014247 -0.074369
CAAA 0.420212 -0.547311 0.083423 0.063993 -0.004944 -0.108451 1.335357 -2.464132 -1.216719 -0.806913 9.866492 -2.050692 -0.146777 0.009573 3.083627 -0.352987 -0.403643 3.281732 0.301470 -3.718021 -1.842149 -0.514769 9.300742 -1.670782 0.671661 -1.256329 -0.011479 0.074399 -0.013439 -0.048445
GAAG 0.807134 -1.195468 -0.045167 0.118231 0.009054 0.005328 1.598829 -2.695073 -1.298393 -0.764388 9.860753 -1.980226 -0.179064 0.084627 3.100277 0.106194 -0.530493 3.278680 1.109707 -3.070991 -1.536124 -0.724863 9.532579 -1.892147 0.821902 -1.540327 0.083961 0.049997 -0.034713 0.199386
GAAC 0.565911 -1.049598 -0.078983 0.121680 0.009832 -0.060431 1.616901 -2.728299 -1.265898 -0.785083 9.889812 -1.947817 -0.159866 0.032561 3.153872 -0.070482 -0.573900 3.311311 1.367629 -3.310864 -1.755613 -0.499380 9.517779 -1.710335 0.527898 -1.295907 -0.005136 0.092971 -0.023994 0.060972
TAAA 0.535504 -0.721149 0.124010 0.086978 -0.004923 -0.086325 1.218846 -2.442575 -1.236662 -0.924252 9.773747 -2.131800 -0.190080 0.116997 3.105436 -0.466206 -0.206810 3.260705 -0.023089 -3.830011 -2.045385 -0.335913 9.126362 -1.733368 0.801492 -1.231925 0.034758 0.086809 -0.002384 -0.006517
AAAG 0.826061 -1.163885 0.038030 0.087637 -0.001948 -0.008906 1.558836 -2.408076 -1.501378 -0.687666 9.880015 -1.831931 -0.212697 0.050898 3.123791 -0.028500 -0.478595 3.255518 0.801971 -3.306271 -1.635234 -0.639680 9.376023 -1.868136 0.961538 -1.238779 0.097379 0.059449 -0.016724 0.208300
AAAC 0.296380 -1.286309 0.007021 0.087318 -0.014247 -0.074369 1.655095 -2.581185 -1.563279 -0.671983 9.889599 -1.795507 -0.193193 -0.002560 3.259177 -0.217953 -0.609464 3.305211 1.437438 -3.459643 -1.894881 -0.364512 9.529519 -1.533666 0.180776 -1.137200 -0.017837 0.115917 -0.010827 0.086070
AAAT 0.671661 -1.256329 -0.011479 0.074399 -0.013439 -0.048445 1.885366 -2.604501 -1.646211 -0.604474 9.929523 -1.693788 -0.218834 0.052824 3.423832 -0.325691 -0.573926 3.425823 1.451860 -3.804531 -2.385520 -0.058945 9.437204 -1.244511 0.054236 -1.437139 0.001843 0.089935 -0.008725 0.006391
TAAC 0.430729 -0.492799 0.118583 0.097692 -0.003293 -0.050385 1.072307 -2.501329 -1.068307 -1.001891 9.734695 -2.272468 -0.243607 0.045916 3.090475 -0.525993 -0.184125 3.187835 -0.120627 -3.949693 -2.266264 -0.212951 9.065055 -1.668481 0.980784 -0.841516 -0.017079 0.104444 0.003386 0.138446
GAAT 0.312429 -1.306450 0.018520 0.099031 -0.014558 -0.130501 1.546382 -2.587899 -1.433359 -0.788469 9.860967 -1.924628 -0.249632 0.060457 3.302146 -0.357851 -0.509235 3.376252 1.349355 -3.502835 -2.267863 -0.187053 9.489307 -1.270175 -0.148582 -1.414464 -0.046907 0.111522 -0.004646 0.000521
TAAG 0.656375 -0.788560 0.160736 0.074817 -0.009991 -0.053364 1.022498 -2.393924 -1.009648 -1.125337 9.750169 -2.240829 -0.294379 0.115967 3.087430 -0.503888 -0.166656 3.218310 -0.122212 -3.910493 -2.050779 -0.315877 9.068827 -1.784746 1.009986 -1.154802 0.086660 0.083791 -0.005164 0.194536
CAAG 0.518394 -0.473033 0.059296 0.066183 -0.005472 -0.053401 0.997908 -2.430942 -1.129641 -0.914627 9.736808 -2.262591 -0.288866 0.014440 3.155095 -0.483744 -0.179036 3.201911 -0.134641 -4.090662 -2.230666 -0.206240 9.061842 -1.668301 0.996463 -1.112916 0.021948 0.078765 -0.005936 0.192435
CAAC 0.396073 -0.896254 0.090251 0.054280 -0.021123 -0.156062 1.254943 -2.641464 -1.160919 -0.931257 9.784863 -2.142408 -0.275790 0.082286 3.211905 -0.482225 -0.315734 3.289750 0.469622 -3.941322 -1.989385 -0.306404 9.263258 -1.650310 0.463915 -1.131770 -0.050241 0.133768 0.001085 0.034309
TAAT 0.063216 -0.854741 0.121508 0.098964 -0.007442 -0.080800 1.157781 -2.692695 -1.148113 -0.893677 9.719999 -2.231148 -0.256839 0.034105 3.300626 -0.564831 -0.307220 3.309639 0.592234 -3.968789 -2.464046 -0.039555 9.252663 -1.276572 0.029811 -1.304505 -0.008590 0.107749 0.003813 0.044596
CAAT 0.765006 -0.913786 0.138895 0.063212 -0.021097 -0.094037 1.371090 -2.601313 -1.349234 -0.751620 9.800945 -2.050254 -0.300603 0.058677 3.477125 -0.663723 -0.178470 3.379680 0.023622 -4.377858 -2.766752 0.161374 9.053263 -1.217804 0.347079 -1.422265 -0.020847 0.110371 0.004376 -0.005818
AAGA 0.901303 -1.205178 0.013562 0.091060 -0.006306 0.168119 1.833563 -2.931515 -1.601207 -0.556560 9.890753 -1.566536 -0.120935 0.342619 2.859585 0.165535 -0.630133 3.399022 0.863241 -3.205729 -0.707551 -1.174804 9.625003 -2.013792 0.663061 -0.818346 -0.016096 -0.133876 -0.073672 0.128698
GAGA 0.794256 -1.097084 -0.045278 0.115024 0.002247 0.140869 1.480407 -2.795830 -1.189001 -0.837072 9.805247 -1.827879 -0.151619 0.397695 2.695234 0.191156 -0.525067 3.321334 0.681388 -3.046847 -0.572779 -1.307024 9.570404 -2.268867 0.887309 -0.816229 -0.006185 -0.115863 -0.063477 0.164084
CAGA 0.558434 -0.755711 0.080427 0.046730 -0.013156 0.061548 1.162594 -2.618525 -1.016722 -0.955943 9.770248 -1.993780 -0.190870 0.334319 2.688470 -0.077682 -0.409235 3.256459 0.222288 -3.326645 -0.797410 -1.176685 9.408410 -2.214816 0.939424 -0.589961 -0.009480 -0.101718 -0.054041 0.119698
GAGG 0.788603 -0.853788 -0.112725 0.146547 0.010431 0.177104 1.814869 -2.928153 -1.331563 -0.703124 9.865366 -1.759180 -0.196275 0.252214 2.769689 0.248528 -0.695644 3.275506 1.057836 -3.103926 -0.894572 -1.059578 9.665012 -1.996017 1.042557 -0.602836 -0.036535 -0.140148 -0.071366 0.261860
AAGG 1.050804 -1.087728 0.058497 0.075130 -0.005365 0.205643 2.021502 -2.814702 -1.436983 -0.629872 9.971544 -1.549278 -0.208584 0.236046 2.934004 0.039776 -0.756340 3.359179 1.121915 -3.324962 -1.341983 -0.816732 9.615880 -1.641259 0.876475 -0.640591 -0.022440 -0.191635 -0.083202 0.227899
TAGA 0.608992 -0.689835 0.095494 0.099848 0.004975 0.082915 1.413204 -2.813255 -1.248695 -0.837120 9.783609 -1.959159 -0.213304 0.329490 2.770328 -0.129615 -0.429315 3.255291 0.177429 -3.348691 -1.266699 -0.895299 9.382884 -1.872569 0.954788 -0.631909 0.001552 -0.106779 -0.052540 0.118074
AAGC 0.961538 -1.238779 0.097379 0.059449 -0.016724 0.208300 2.176682 -2.826192 -1.432122 -0.669539 10.052684 -1.485535 -0.222487 0.262115 3.023840 -0.172632 -0.830664 3.422387 1.399593 -3.493665 -1.680818 -0.617330 9.672693 -1.342260 0.428500 -0.787914 -0.035345 -0.168276 -0.086111 0.186745
CAGC 0.606658 -0.500429 0.052488 0.076697 -0.004144 0.197412 1.575490 -2.994915 -1.130623 -0.704885 9.909310 -1.980798 -0.214426 0.023465 3.076571 -0.313521 -0.522221 3.328593 0.480368 -4.005489 -2.205497 -0.368453 9.404735 -1.298256 0.613902 -0.914052 -0.054870 -0.115052 -0.077635 0.237673
AAGT 0.821902 -1.540327 0.083961 0.049997 -0.034713 0.199386 2.357464 -3.025870 -1.458502 -0.594536 10.061860 -1.345433 -0.267540 0.327023 3.225990 -0.211541 -0.991615 3.558999 2.130583 -3.630443 -1.876243 -0.358333 9.867417 -0.989757 -0.323486 -1.017182 -0.027482 -0.151105 -0.079866 0.160242
GAGC 0.674030 -1.182978 -0.096270 0.121162 -0.008857 0.187960 1.840228 -3.024603 -1.197751 -0.716539 9.909280 -1.790071 -0.252342 0.300266 3.011468 -0.048594 -0.709553 3.384726 1.498313 -3.557223 -1.297438 -0.671732 9.713731 -1.656522 0.314049 -0.890407 -0.110709 -0.128070 -0.092254 0.279192
TAGG 0.824648 -0.768433 0.179551 0.067721 -0.002542 0.176631 1.520077 -2.814797 -0.836099 -1.069253 9.929291 -1.969000 -0.270185 0.182673 2.902995 -0.366594 -0.568301 3.318783 0.414144 -3.523606 -1.963423 -0.503601 9.426293 -1.292742 0.787000 -0.811522 -0.016192 -0.188283 -0.084555 0.220367
GAGT 0.480130 -1.155816 0.082017 0.080799 -0.014132 0.139279 1.981256 -2.791841 -1.314744 -0.788121 9.983607 -1.643708 -0.247237 0.266896 3.035463 -0.255286 -0.834809 3.454327 1.709760 -3.352422 -1.806199 -0.486755 9.763832 -1.120834 -0.146490 -1.091698 -0.023172 -0.126609 -0.080205 0.159212
CAGG 0.901130 -0.592902 0.083789 0.044980 -0.004321 0.153192 1.472115 -2.690866 -1.151788 -0.840612 9.861212 -1.933692 -0.281028 0.165769 2.908301 -0.213688 -0.453130 3.244937 0.198665 -3.557183 -1.815545 -0.566089 9.303367 -1.619059 1.222259 -0.482081 -0.018927 -0.177201 -0.060373 0.264432
TAGT 0.351196 -0.727003 0.190064 0.075303 -0.004654 0.157994 1.568180 -2.831993 -1.132231 -0.841403 9.879970 -1.951309 -0.267504 0.181140 3.089862 -0.505556 -0.563616 3.359373 0.713712 -3.803963 -2.278088 -0.228183 9.441954 -1.041626 0.144827 -1.052206 -0.012623 -0.112782 -0.068072 0.185278
TAGC 0.354027 -0.742961 0.072663 0.096493 -0.006064 0.132838 1.296523 -2.895358 -0.996242 -0.901142 9.774092 -2.148099 -0.285333 0.230174 2.973455 -0.356419 -0.414155 3.260118 0.393736 -3.797981 -1.835126 -0.458842 9.392160 -1.536783 0.544501 -0.762940 -0.062681 -0.089376 -0.064345 0.262831
CAGT 0.453182 -0.739998 0.080542 0.064804 -0.013815 0.140538 1.688246 -3.061706 -1.138887 -0.702469 9.891708 -1.888407 -0.268912 0.147260 3.186874 -0.360097 -0.634483 3.427633 1.067797 -3.879545 -2.140053 -0.231327 9.543105 -1.071627 0.036042 -1.059133 -0.033537 -0.095968 -0.068556 0.175621
GGAA 0.604950 -0.677058 -0.016264 -0.115131 -0.061808 -0.013462 1.616031 -2.968391 -1.727508 -0.491097 9.820255 -1.535112 0.121489 0.207211 3.257297 -0.066594 -0.434909 3.420469 1.026680 -3.478588 -1.523733 -0.604689 9.434496 -1.812437 0.312429 -1.306450 0.018520 0.099031 -0.014558 -0.130501
AGAA 0.954788 -0.631909 0.001552 -0.106779 -0.052540 0.118074 1.657509 -2.992501 -1.964528 -0.342484 9.799524 -1.332171 0.112482 0.120018 3.468480 -0.228431 -0.323347 3.455808 0.629079 -3.996948 -2.175804 -0.134863 9.201973 -1.566042 0.531657 -1.142368 0.035534 0.080815 -0.007110 -0.116347
AGAT 0.555549 -1.007165 -0.011363 -0.122860 -0.075297 0.092136 1.609780 -3.309813 -2.260798 -0.152355 9.686055 -1.275798 0.010908 -0.021104 3.696610 -0.180247 -0.440481 3.505664 1.514440 -4.001121 -2.460991 0.080463 9.384044 -1.147377 -0.289890 -1.070992 -0.019693 0.072575 0.000535 0.014484
TGAA 0.493779 -0.242519 0.029731 -0.127045 -0.055936 -0.035633 0.945044 -2.525976 -1.501165 -0.679796 9.667098 -1.986209 -0.080721 0.169827 3.370715 -0.693110 0.035235 3.347002 -0.454812 -4.634582 -2.686120 0.121260 8.906034 -1.422274 0.565911 -1.049598 -0.078983 0.121680 0.009832 -0.060431
AGAC 0.663061 -0.818346 -0.016096 -0.133876 -0.073672 0.128698 1.332451 -2.818498 -1.864709 -0.410691 9.699585 -1.625349 -0.094300 0.011491 3.616850 -0.479907 -0.182686 3.377035 0.528702 -4.413731 -2.555037 0.145569 9.090452 -1.440698 0.381038 -0.909948 -0.120384 0.149355 0.014629 0.135876
AGAG 0.939424 -0.589961 -0.009480 -0.101718 -0.054041 0.119698 1.010903 -2.751130 -1.667565 -0.482949 9.678534 -1.739296 -0.108177 0.053047 3.567741 -0.498961 -0.012827 3.359497 -0.045291 -4.633654 -2.615935 0.166851 8.921353 -1.558103 0.794256 -1.097084 -0.045278 0.115024 0.002247 0.140869
GGAC 0.632169 -0.662999 -0.023253 -0.135100 -0.069271 0.005617 1.389972 -2.993911 -1.648367 -0.517338 9.699422 -1.802377 -0.050966 0.074285 3.461555 -0.301351 -0.214354 3.358191 0.650760 -4.012395 -2.166635 -0.135702 9.200362 -1.638362 0.471277 -1.116805 -0.062381 0.124034 -0.005066 0.058653
CGAA 0.717053 -0.377023 0.013700 -0.166093 -0.070012 0.027191 0.802890 -2.461875 -1.040778 -1.097015 9.675651 -2.231754 -0.128656 0.215815 3.297806 -0.790676 0.127773 3.331619 -0.590939 -4.623117 -2.592874 0.111220 8.845061 -1.600648 0.807134 -1.195468 -0.045167 0.118231 0.009054 0.005328
GGAG 0.305281 -0.740541 -0.000426 -0.153705 -0.071071 -0.072334 1.073772 -2.774101 -1.597169 -0.699867 9.674110 -1.874691 -0.108995 0.069956 3.224369 -0.127802 -0.313853 3.272794 0.803952 -3.561664 -1.818562 -0.486671 9.369428 -1.710455 0.480130 -1.155816 0.082017 0.080799 -0.014132 0.139279
CGAG 0.653872 -0.237901 -0.001183 -0.114381 -0.054575 0.106470 0.873493 -2.673823 -1.384360 -0.649036 9.637232 -2.063798 -0.129314 0.083608 3.421275 -0.590430 0.068783 3.353886 -0.388168 -4.626405 -2.599905 0.092756 8.927126 -1.502002 0.674030 -1.182978 -0.096270 0.121162 -0.008857 0.187960
GGAT 0.112707 -0.729905 -0.001757 -0.159572 -0.079683 -0.147241 1.241412 -2.914743 -1.854531 -0.513097 9.647432 -1.725374 -0.131934 0.043029 3.522080 -0.405161 -0.326894 3.394810 1.249352 -4.061805 -2.610913 0.105095 9.300846 -1.142300 -0.224540 -1.031000 -0.009051 0.100594 0.005572 -0.012237
TGAC 0.574579 -0.312214 0.018867 -0.132024 -0.058219 0.035624 0.836681 -2.749667 -1.419364 -0.664040 9.579817 -2.205475 -0.152407 0.137282 3.544213 -0.811017 0.204747 3.333563 -0.750531 -5.005334 -3.017924 0.360538 8.763273 -1.349650 0.604897 -0.970369 -0.183708 0.162856 0.012602 0.073567
TGAT 0.374356 -0.661770 0.053181 -0.172995 -0.078614 -0.036933 0.927917 -2.593702 -1.234769 -0.958988 9.680428 -2.123890 -0.217562 0.108872 3.486741 -0.834495 -0.043704 3.379542 0.035790 -4.626789 -2.905867 0.286443 8.999059 -1.107094 0.081364 -1.217184 -0.087332 0.127053 0.015532 0.009842
TGAG 0.498057 -0.233132 0.019056 -0.142865 -0.061619 -0.011175 0.559395 -2.478957 -1.233139 -0.885745 9.564274 -2.271495 -0.265972 0.109389 3.420798 -0.847266 0.201325 3.259143 -0.754768 -4.985572 -2.934996 0.315147 8.749874 -1.432427 0.840939 -0.857188 -0.107285 0.145949 0.011363 0.192517
CGAT 0.453611 -0.418709 0.014852 -0.145519 -0.069140 0.034400 0.760358 -2.757199 -1.242882 -0.897178 9.533082 -2.287550 -0.243540 0.176944 3.499787 -0.826052 0.154163 3.349971 -0.417072 -4.887651 -3.000714 0.377681 8.848475 -1.262879 0.378942 -1.055832 -0.103170 0.130129 0.015629 0.109460
CGAC 0.371693 -0.269958 0.000369 -0.134658 -0.068298 0.053896 0.656046 -2.769403 -1.302229 -0.788383 9.502045 -2.365400 -0.256136 0.152238 3.525060 -0.916667 0.263312 3.337529 -0.701752 -5.188210 -2.911389 0.392983 8.779285 -1.348420 0.418276 -0.912888 -0.240677 0.183477 0.019867 0.169264
AGGA 1.042557 -0.602836 -0.036535 -0.140148 -0.071366 0.261860 1.827152 -3.459124 -1.952439 -0.298223 9.841822 -1.034699 0.146715 0.416099 3.183844 0.014182 -0.550328 3.519083 0.905958 -3.666121 -1.679657 -0.568142 9.486611 -1.493763 0.305281 -0.740541 -0.000426 -0.153705 -0.071071 -0.072334
AGGG 1.222259 -0.482081 -0.018927 -0.177201 -0.060373 0.264432 2.646251 -3.568973 -1.577359 -0.394188 10.056656 -0.957108 0.106910 0.333066 3.108090 0.136671 -0.995313 3.562101 1.738949 -3.407723 -1.623439 -0.647101 9.819970 -1.056788 0.309449 -0.721695 -0.021766 -0.232296 -0.105128 -0.040908
GGGA 0.539072 -0.503608 -0.030745 -0.183513 -0.086013 -0.004870 1.616827 -3.389713 -1.595688 -0.534788 9.834703 -1.343459 0.071256 0.447913 2.935735 0.119709 -0.663745 3.456205 1.193983 -3.315139 -1.249154 -0.943673 9.705007 -1.559792 0.112707 -0.729905 -0.001757 -0.159572 -0.079683 -0.147241
AGGT 0.787000 -0.811522 -0.016192 -0.188283 -0.084555 0.220367 2.763233 -3.793958 -1.545814 -0.368667 10.081032 -0.795560 0.123470 0.361550 3.324848 0.019593 -1.239148 3.714704 2.820230 -3.636627 -1.597408 -0.433756 10.044964 -0.715954 -0.809090 -1.000099 -0.008411 -0.185494 -0.071796 -0.063008
AGGC 0.851862 -0.677045 -0.020097 -0.181605 -0.082039 0.241968 2.264438 -3.335717 -1.628484 -0.459221 10.005656 -1.097508 0.074257 0.331238 3.137175 -0.044460 -0.851613 3.515818 1.526853 -3.602316 -1.660886 -0.603861 9.731234 -1.187198 0.049568 -0.734426 -0.041936 -0.164342 -0.080508 0.010089
CGGG 0.820239 -0.140408 -0.031975 -0.101816 -0.060113 0.243314 1.379444 -3.534205 -1.704308 -0.299743 9.710257 -1.475865 0.068111 0.201490 3.119862 0.075494 -0.348630 3.383153 0.373986 -3.802483 -1.807322 -0.533071 9.382046 -1.624994 0.776973 -0.451317 -0.045738 -0.171220 -0.079187 0.084041
CGGA 0.654674 -0.167084 -0.030032 -0.111187 -0.065739 0.198517 1.052384 -3.292467 -1.394811 -0.593588 9.699730 -1.715037 0.064883 0.346907 2.982992 -0.104017 -0.226063 3.377248 -0.029058 -3.700015 -1.536005 -0.632595 9.300840 -1.747656 0.632169 -0.662999 -0.023253 -0.135100 -0.069271 0.005617
GGGT 0.309449 -0.721695 -0.021766 -0.232296 -0.105128 -0.040908 2.496786 -3.460685 -1.587794 -0.502297 10.050501 -0.976651 0.069407 0.436867 3.163648 0.011467 -1.232698 3.662857 2.899906 -3.455886 -1.632234 -0.556982 10.091494 -0.658893 -1.013111 -0.930438 0.006621 -0.184849 -0.067913 -0.170996
GGGG 0.761537 -0.342677 -0.060156 -0.134302 -0.066233 0.105886 1.761775 -3.510674 -1.554138 -0.456945 9.836277 -1.399751 0.034299 0.329483 3.056189 0.093375 -0.652093 3.404886 1.278464 -3.643238 -1.442825 -0.645708 9.616818 -1.581561 0.539072 -0.503608 -0.030745 -0.183513 -0.086013 -0.004870
GGGC 0.776973 -0.451317 -0.045738 -0.171220 -0.079187 0.084041 1.984402 -3.411075 -1.314911 -0.614465 9.932538 -1.429078 -0.001454 0.356516 3.075014 -0.068296 -0.719604 3.482264 1.394195 -3.698468 -1.732067 -0.561568 9.668616 -1.246554 0.187387 -0.683916 -0.041704 -0.147651 -0.079359 -0.029205
TGGA 0.639330 -0.140931 0.000291 -0.123540 -0.060432 0.095307 1.253287 -3.097999 -1.377277 -0.670201 9.753174 -1.778530 -0.069257 0.415761 3.068996 -0.370587 -0.261270 3.360392 -0.047773 -3.947114 -2.042030 -0.283834 9.228542 -1.362386 0.604950 -0.677058 -0.016264 -0.115131 -0.061808 -0.013462
TGGG 0.489829 -0.097682 -0.017572 -0.101513 -0.061824 0.098766 0.922177 -3.157172 -1.409317 -0.647543 9.638271 -1.904307 -0.114540 0.272028 3.066288 -0.315422 -0.155743 3.292509 -0.180462 -4.021949 -2.144334 -0.245327 9.174989 -1.448943 0.761537 -0.342677 -0.060156 -0.134302 -0.066233 0.105886
CGGT 0.414357 -0.493696 -0.025660 -0.132470 -0.080048 0.151386 1.496170 -3.561692 -1.339368 -0.562439 9.731867 -1.627489 -0.051432 0.334340 3.279249 -0.230966 -0.500960 3.531553 1.069512 -3.933192 -2.129805 -0.161239 9.545958 -0.946974 -0.372940 -0.821655 -0.048673 -0.114997 -0.062444 0.027122
TGGC 0.319722 -0.289333 -0.003900 -0.116484 -0.066361 0.084980 1.433224 -3.220157 -1.398236 -0.564832 9.783144 -1.722093 -0.101157 0.290825 3.206794 -0.417559 -0.438778 3.408178 0.653035 -4.362678 -2.169932 -0.163883 9.393099 -1.123082 0.038638 -0.577768 -0.095359 -0.118164 -0.071433 0.076584
CGGC 0.327068 -0.575784 -0.025982 -0.170776 -0.089492 0.133108 1.233179 -3.160073 -0.867817 -0.965826 9.764079 -1.990821 -0.154120 0.383108 3.123605 -0.459083 -0.397634 3.389043 0.762165 -4.273667 -1.945888 -0.272273 9.445480 -1.350068 0.041280 -0.713295 -0.093492 -0.102968 -0.068349 0.105263
TGGT 0.216296 -0.487652 0.009589 -0.155937 -0.080134 0.065223 1.268994 -2.950964 -1.075996 -0.953570 9.818946 -1.874500 -0.150402 0.388942 3.170467 -0.590978 -0.441161 3.479779 0.829140 -4.209973 -2.466197 -0.056507 9.415509 -0.799696 -0.419668 -0.947711 -0.027619 -0.102195 -0.060892 0.008247
AGCT 0.613902 -0.914052 -0.054870 -0.115052 -0.077635 0.237673 2.532323 -3.662952 -2.301292 0.021767 9.794230 -0.851017 0.000000 -0.130838 3.699818 0.000000 -0.884885 3.625134 2.532323 -3.662952 -2.301292 0.021767 9.794230 -0.851017 -0.613902 -0.914052 -0.054870 0.115052 -0.077635 0.237673
TGCA -0.068904 -0.204083 -0.067155 -0.065975 -0.063813 0.174131 0.048026 -3.748306 -2.298517 -0.033038 9.373914 -1.271233 0.000000 -0.145672 3.412190 0.000000 -0.151794 3.357686 0.048026 -3.748306 -2.298517 -0.033038 9.373914 -1.271233 0.068904 -0.204083 -0.067155 0.065975 -0.063813 0.174131
CGCG 0.083733 -0.634048 -0.077896 -0.147943 -0.087581 0.176732 0.944910 -3.594429 -1.804423 -0.420737 9.608007 -1.600055 0.000000 -0.078020 3.304498 0.000000 -0.346827 3.400192 0.944910 -3.594429 -1.804423 -0.420737 9.608007 -1.600055 -0.083733 -0.634048 -0.077896 0.147943 -0.087581 0.176732
GGCC 0.187387 -0.683916 -0.041704 -0.147651 -0.079359 -0.029205 1.916973 -3.471091 -2.150007 -0.168795 9.723149 -1.195245 0.000000 -0.017867 3.480681 0.000000 -0.706767 3.422765 1.916973 -3.471091 -2.150007 -0.168795 9.723149 -1.195245 -0.187387 -0.683916 -0.041704 0.147651 -0.079359 -0.029205
CGCC 0.244238 -0.313864 -0.056309 -0.089163 -0.073639 0.185667 1.865950 -3.747279 -1.977856 -0.102175 9.680171 -1.389678 0.053582 -0.025786 3.463265 -0.025386 -0.522241 3.439672 1.245301 -3.826168 -2.268236 -0.068868 9.592157 -1.264979 -0.038638 -0.577768 -0.095359 0.118164 -0.071433 0.076584
TGCG -0.031066 -0.376663 -0.070202 -0.078326 -0.067501 0.147558 0.399566 -3.640105 -2.157876 -0.171339 9.479399 -1.507574 -0.040355 -0.127538 3.453456 -0.171260 -0.159722 3.411647 0.272304 -4.241172 -2.357807 -0.032860 9.390618 -1.277205 -0.198227 -0.514792 -0.101156 0.113658 -0.084746 0.208393
TGCC 0.120381 -0.421274 -0.037923 -0.090083 -0.066826 0.107275 1.314039 -3.204986 -1.706919 -0.399737 9.688649 -1.667091 -0.071244 -0.030474 3.449172 -0.386616 -0.347269 3.380743 0.499775 -4.372009 -2.578595 0.116996 9.377647 -1.127180 -0.041280 -0.713295 -0.093492 0.102968 -0.068349 0.105263
GGCT 0.049568 -0.734426 -0.041936 -0.164342 -0.080508 0.010089 1.883133 -3.323041 -2.067188 -0.262842 9.754104 -1.267120 -0.110534 -0.053763 3.493124 -0.070783 -0.793783 3.449074 2.182201 -3.504697 -2.217924 -0.129685 9.805112 -1.000848 -0.428500 -0.787914 -0.035345 0.168276 -0.086111 0.186745
CGCT 0.226960 -0.496680 -0.053789 -0.093955 -0.074595 0.204388 1.249888 -3.318964 -1.907498 -0.314099 9.632175 -1.531261 -0.101227 -0.104379 3.521885 -0.291054 -0.364008 3.478505 0.804639 -4.081859 -2.625121 0.102571 9.473976 -1.012386 -0.314049 -0.890407 -0.110709 0.128070 -0.092254 0.279192
TGCT -0.037669 -0.704969 -0.027629 -0.146754 -0.081832 0.049162 1.356748 -3.237095 -1.752402 -0.470192 9.711543 -1.570786 -0.207019 -0.068406 3.485308 -0.356774 -0.562771 3.461703 1.429248 -4.127276 -2.454939 0.075343 9.606296 -0.898142 -0.544501 -0.762940 -0.062681 0.089376 -0.064345 0.262831
CATG -0.492245 -0.445686 -0.008208 0.078977 0.006939 0.063827 1.333464 -2.724428 -1.102702 -0.840896 9.791740 -2.064072 0.000000 -0.080032 2.747529 0.000000 -0.770960 3.149533 1.333464 -2.724428 -1.102702 -0.840896 9.791740 -2.064072 0.492245 -0.445686 -0.008208 -0.078977 0.006939 0.063827
TATA -0.505657 -0.523567 0.006811 0.068713 0.012940 0.039280 1.154919 -2.624766 -1.100028 -0.884401 9.755123 -2.027453 0.000000 -0.062821 2.712735 0.000000 -0.732008 3.131721 1.154919 -2.624766 -1.100028 -0.884401 9.755123 -2.027453 0.505657 -0.523567 0.006811 -0.068713 0.012940 0.039280
GATC -0.224540 -1.031000 -0.009051 0.100594 0.005572 -0.012237 1.699643 -2.659460 -1.286228 -0.856128 9.912708 -1.856879 0.000000 -0.168717 2.838692 0.000000 -0.880936 3.213186 1.699643 -2.659460 -1.286228 -0.856128 9.912708 -1.856879 0.224540 -1.031000 -0.009051 -0.100594 0.005572 -0.012237
AATT 0.054236 -1.437139 0.001843 0.089935 -0.008725 0.006391 2.022305 -2.649097 -1.504588 -0.726472 10.013288 -1.617496 0.000000 -0.154220 3.008606 0.000000 -0.986178 3.319378 2.022305 -2.649097 -1.504588 -0.726472 10.013288 -1.617496 -0.054236 -1.437139 0.001843 -0.089935 -0.008725 0.006391
CATA -0.411571 -0.681878 0.044040 0.057202 0.003073 0.037317 1.142609 -2.558166 -1.118150 -0.943256 9.787861 -1.984583 -0.004159 -0.046790 2.723616 -0.072754 -0.720186 3.156314 1.226514 -2.664199 -1.089009 -0.913224 9.760397 -2.112013 0.434478 -0.633788 0.006603 -0.079406 0.013006 0.036713
GATT 0.081364 -1.217184 -0.087332 0.127053 0.015532 0.009842 2.009819 -2.775042 -1.376687 -0.723944 9.956545 -1.718582 -0.013293 -0.185620 3.021495 0.037870 -0.970960 3.283335 1.994827 -2.764938 -1.536441 -0.639610 9.971205 -1.643128 0.148582 -1.414464 -0.046907 -0.111522 -0.004646 0.000521
CATC -0.265209 -0.801478 0.011343 0.089542 0.006145 0.010476 1.582691 -2.720268 -1.176779 -0.847917 9.879158 -2.006804 -0.006492 -0.145569 2.831209 -0.022866 -0.815293 3.198590 1.421210 -2.681762 -1.264509 -0.903004 9.844114 -1.869167 0.289890 -1.070992 -0.019693 -0.072575 0.000535 0.014484
TATC -0.731602 -1.119070 0.015482 0.053577 -0.000535 -0.044354 1.447455 -2.660277 -1.073903 -1.028273 9.893285 -2.021961 -0.060277 -0.121510 2.881284 -0.318937 -0.886573 3.242236 1.965575 -2.865978 -1.451374 -0.664819 9.932492 -1.648677 -0.378942 -1.055832 -0.103170 -0.130129 0.015629 0.109460
TATT -0.195435 -1.138114 0.012787 0.072832 0.002841 -0.020736 1.653700 -2.695608 -1.091864 -0.919394 9.912310 -1.884404 -0.049039 -0.145016 2.958421 -0.115329 -0.901374 3.280565 1.721931 -2.699180 -1.515666 -0.632992 9.920196 -1.587358 -0.029811 -1.304505 -0.008590 -0.107749 0.003813 0.044596
CATT -0.459006 -1.200487 0.048634 0.070591 -0.002994 -0.131204 1.596312 -2.821541 -1.092672 -0.934905 9.894047 -1.968025 -0.073491 -0.165278 2.991385 -0.196181 -0.912887 3.283731 2.057109 -2.782822 -1.459783 -0.665671 9.989267 -1.603270 -0.347079 -1.422265 -0.020847 -0.110371 0.004376 -0.005818
AACC 0.980784 -0.841516 -0.017079 0.104444 0.003386 0.138446 2.614536 -3.029608 -1.622853 -0.465747 10.009093 -1.326214 0.057797 -0.096714 3.156274 0.243314 -0.889865 3.361578 1.216361 -2.882350 -1.681644 -0.619021 9.755280 -1.671696 1.013111 -0.930438 0.006621 0.184849 -0.067913 -0.170996
GACA 0.381038 -0.909948 -0.120384 0.149355 0.014629 0.135876 1.407084 -3.291366 -1.742329 -0.495997 9.709026 -1.551107 0.032594 -0.053125 2.904751 0.582292 -0.665734 3.245646 0.944354 -2.509600 -0.902168 -1.211118 9.832363 -2.164048 0.822782 -0.780827 0.025330 0.155227 -0.060033 0.011833
AACG 0.180776 -1.137200 -0.017837 0.115917 -0.010827 0.086070 1.680207 -3.115696 -1.876574 -0.418602 9.798300 -1.477396 -0.023954 -0.064533 3.026107 0.320916 -0.757181 3.320267 1.298750 -2.752861 -1.084760 -1.013926 9.858119 -1.881466 0.293889 -0.764317 0.022112 0.160127 -0.069386 0.078889
GACG 0.418276 -0.912888 -0.240677 0.183477 0.019867 0.169264 1.642744 -3.380317 -1.764661 -0.379069 9.746459 -1.593932 -0.026230 -0.039076 3.041314 0.461475 -0.646714 3.335277 1.259594 -2.949800 -1.110344 -0.863259 9.809065 -2.012452 0.520426 -0.729557 -0.027417 0.108333 -0.065308 0.133983
AACA 0.463915 -1.131770 -0.050241 0.133768 0.001085 0.034309 1.625152 -3.279281 -1.969239 -0.321012 9.759295 -1.346720 -0.045351 -0.078092 3.132996 0.348218 -0.717489 3.367390 1.180562 -2.880274 -1.282863 -0.827771 9.824445 -1.772734 0.386256 -0.852756 0.020502 0.138169 -0.064636 0.006930
CACG -0.174554 -0.651573 -0.017129 0.086260 -0.004874 0.034043 0.977980 -2.963343 -1.481747 -0.708042 9.663553 -1.922932 -0.086370 -0.021797 2.867756 0.124596 -0.493204 3.244973 0.691439 -2.903633 -0.994935 -1.025598 9.694192 -2.042368 0.323258 -0.630610 -0.009280 0.131283 -0.067048 0.111383
CACA 0.220468 -0.593293 -0.103984 0.126414 0.004763 0.064255 1.173550 -3.425959 -1.794090 -0.392089 9.631774 -1.626036 -0.069709 -0.080038 3.005177 0.376122 -0.549260 3.271934 0.586684 -2.694831 -1.237843 -0.812330 9.699516 -1.854681 0.662420 -0.568129 -0.000236 0.094370 -0.047176 0.039340
TACA -0.202358 -0.569616 -0.027370 0.110115 -0.000441 0.071087 0.796249 -3.173889 -1.521666 -0.670811 9.613066 -1.828445 -0.057993 -0.026852 2.898352 0.130021 -0.481817 3.224150 0.525909 -3.003262 -1.365129 -0.820192 9.628471 -1.883214 0.422409 -0.440200 0.007729 0.115392 -0.051257 0.055340
GACC 0.604897 -0.970369 -0.183708 0.162856 0.012602 0.073567 2.335668 -3.208524 -1.456095 -0.500377 9.919321 -1.544685 -0.074896 -0.057338 3.172887 0.234906 -0.867395 3.395917 1.812871 -3.101478 -1.622534 -0.481307 9.869737 -1.598776 0.419668 -0.947711 -0.027619 0.102195 -0.060892 0.008247
TACC 0.166124 -0.519195 -0.010906 0.125072 0.001238 0.042399 1.653126 -2.998417 -1.254300 -0.712286 9.792409 -1.937932 -0.075522 -0.117612 3.062309 -0.038915 -0.564199 3.256629 0.418137 -3.057614 -1.775257 -0.510971 9.584841 -1.545747 0.572985 -0.963152 -0.019445 0.145919 -0.065266 -0.015867
CACC 0.095951 -0.445960 -0.082216 0.137193 -0.000391 0.011157 1.754744 -3.181265 -1.380523 -0.521808 9.790299 -1.877266 -0.112450 -0.130721 3.136866 0.007464 -0.635655 3.310553 0.969370 -3.286837 -1.791103 -0.421565 9.655540 -1.517119 0.372940 -0.821655 -0.048673 0.114997 -0.062444 0.027122
TACG 0.034445 -0.636086 -0.078585 0.110945 -0.000932 0.071536 1.252610 -3.096682 -1.444140 -0.660159 9.722528 -1.859868 -0.163470 -0.045071 3.040575 -0.048348 -0.517787 3.324575 0.725345 -3.534260 -1.709807 -0.445961 9.626870 -1.604259 0.275539 -0.470728 -0.012966 0.072269 -0.057290 0.162036
GACT 0.471277 -1.116805 -0.062381 0.124034 -0.005066 0.058653 2.174384 -2.957923 -1.596338 -0.543164 9.904852 -1.500246 -0.174268 -0.091486 3.165155 0.137088 -0.887753 3.412934 1.749514 -2.872260 -1.739509 -0.511767 9.947673 -1.368086 0.146490 -1.091698 -0.023172 0.126609 -0.080205 0.159212
AACT 0.527898 -1.295907 -0.005136 0.092971 -0.023994 0.060972 2.434748 -2.998288 -1.721553 -0.449693 9.972015 -1.310087 -0.202771 -0.098713 3.266955 0.040818 -0.988274 3.502622 1.996745 -3.100335 -1.796522 -0.429187 9.971723 -1.166671 -0.144827 -1.052206 -0.012623 0.112782 -0.068072 0.185278
TACT 0.026159 -0.405634 0.027414 0.108843 -0.002035 0.070430 1.688275 -2.893888 -1.354637 -0.664148 9.816297 -1.900193 -0.155854 -0.195751 3.132205 -0.174374 -0.633311 3.294293 0.627724 -3.269386 -2.102426 -0.334562 9.611816 -1.254417 0.323486 -1.017182 -0.027482 0.151105 -0.079866 0.160242
CACT 0.250750 -0.690016 -0.021277 0.106535 -0.009352 0.029093 1.849069 -3.026012 -1.410261 -0.564088 9.849759 -1.764855 -0.210150 -0.196756 3.244065 -0.115204 -0.700546 3.404709 1.087480 -3.391588 -2.028875 -0.281966 9.705522 -1.200820 0.073907 -1.055056 -0.033811 0.110484 -0.070500 0.164568
