ATAT 0.141018 -0.324555 0.153590 -0.096887 -0.168076 -0.020896 2.887790 -2.904994 -3.561567 0.230311 9.485081 -0.548581 0.000000 0.928198 3.022365 -0.000000 -0.755453 3.332322 2.887790 -2.904994 -3.561567 0.230311 9.485081 -0.548581 -0.141018 -0.324555 0.153590 0.096896 -0.168112 -0.021474
TTAA -0.035423 -0.830439 -0.005367 -0.067331 -0.125095 -0.081187 -0.996722 -4.448161 -3.618373 -0.151738 8.751160 -2.088995 0.000000 -0.383510 3.430245 0.000000 1.014210 3.429156 -0.996722 -4.448161 -3.618373 -0.151738 8.751160 -2.088995 0.035423 -0.830439 -0.005367 0.067362 -0.125094 -0.081512
CTAG -0.046278 -0.868252 -0.000763 -0.113479 -0.138258 -0.026441 -0.453861 -4.362288 -3.611369 0.037893 8.624239 -2.157529 -0.000000 -0.060555 3.651274 -0.000014 1.023601 3.352740 -0.453861 -4.362288 -3.611369 0.037893 8.624239 -2.157529 0.046278 -0.868252 -0.000763 0.113465 -0.138341 -0.026058
GTAC 0.145586 -0.879297 0.035624 -0.076504 -0.171249 0.007867 -0.661245 -4.804144 -3.038524 -0.157989 8.838194 -2.039041 -0.000000 0.006562 3.557744 -0.000102 0.830966 3.415263 -0.661245 -4.804144 -3.038524 -0.157989 8.838194 -2.039041 -0.145586 -0.879297 0.035624 0.076506 -0.171256 0.007646
ATAC 0.207895 -0.618425 0.129128 -0.036853 -0.129713 0.046191 1.576731 -3.789564 -3.042709 -0.049994 9.431600 -1.368900 -0.040675 0.224929 3.376946 -0.078452 -0.250069 3.364986 1.884669 -3.374844 -3.482539 0.139833 9.406796 -1.218800 -0.100923 -0.599356 0.076382 0.090897 -0.133637 0.040332
GTAG 0.036280 -0.802195 -0.075911 -0.123248 -0.148090 0.107319 -0.243712 -4.655141 -3.492300 0.275448 8.602550 -1.751198 -0.003861 0.007798 3.660683 -0.145313 0.825052 3.395415 -0.385027 -4.262646 -3.504499 -0.049159 8.708583 -1.935064 -0.265294 -0.914374 0.034898 0.029103 -0.159037 -0.066778
TTAG -0.243574 -1.115519 0.259283 -0.071394 -0.232278 0.120076 1.050996 -3.574052 -2.787450 0.009338 9.133275 -1.866239 -0.024329 0.279039 3.473104 -0.060788 0.379009 3.323621 0.649393 -3.780251 -3.557167 0.131712 9.072654 -1.806351 -0.258314 -0.524896 0.017896 0.219288 -0.222076 0.046228
CTAT 0.069204 -0.727692 0.100841 -0.081462 -0.134890 -0.011003 0.835359 -4.017107 -2.847463 -0.019491 9.228746 -1.715599 0.008148 0.095824 3.596460 0.213279 0.270947 3.384741 0.564116 -4.409426 -3.191635 0.155148 9.006048 -1.638592 -0.262480 -0.667207 0.192396 0.019493 -0.117833 -0.021383
TTAC -0.004481 -0.502910 0.032139 -0.070645 -0.149640 -0.020981 1.511713 -3.553996 -2.979568 -0.038878 9.389367 -1.611083 0.063393 0.495852 3.338678 0.133554 0.002019 3.298093 1.307994 -4.114678 -3.287704 0.104719 9.275063 -1.458013 -0.143852 -0.278369 0.010973 0.051346 -0.143706 0.001777
TTAT -0.029652 -0.798727 0.139959 -0.074779 -0.152467 -0.020939 1.002173 -4.110702 -2.931015 0.016070 9.284104 -1.593028 -0.063895 0.088390 3.490249 0.067028 0.177333 3.379173 0.736908 -3.870721 -3.421360 0.051246 9.133986 -1.589887 -0.314095 -0.610173 0.192542 0.024135 -0.125007 0.038338
GCGC 0.170800 -0.359101 -0.035744 0.205712 -0.159063 -0.081072 1.475423 -3.808914 -3.778601 0.149111 9.315806 -1.245963 0.000000 0.622918 3.060904 0.000000 -0.054459 3.418775 1.475423 -3.808914 -3.778601 0.149111 9.315806 -1.245963 -0.170800 -0.359101 -0.035744 -0.205704 -0.159094 -0.081347
CCGG -0.374191 -0.007216 -0.029798 0.147138 -0.171737 0.109171 0.942735 -3.772892 -2.964867 -0.217946 9.384224 -1.751743 -0.000000 0.558433 2.797158 0.000001 -0.013778 3.091590 0.942735 -3.772892 -2.964867 -0.217946 9.384224 -1.751743 0.374191 -0.007216 -0.029798 -0.147146 -0.171793 0.110245
TCGA -0.130727 -0.601339 0.040453 0.198888 -0.125607 -0.014851 0.038804 -3.951867 -3.521756 -0.183545 9.000591 -1.992316 0.000000 0.404724 2.952158 0.000000 0.565933 3.314223 0.038804 -3.951867 -3.521756 -0.183545 9.000591 -1.992316 0.130727 -0.601339 0.040453 -0.198919 -0.125589 -0.014306
ACGT 0.061730 -0.401239 0.031439 0.153108 -0.149003 0.104518 1.130371 -3.875649 -3.537283 0.085845 9.274366 -1.463042 0.000000 0.469805 3.182422 -0.000036 0.068358 3.343245 1.130371 -3.875649 -3.537283 0.085845 9.274366 -1.463042 -0.061730 -0.401239 0.031439 -0.153115 -0.148950 0.104122
CCGC -0.151074 0.091023 -0.083096 0.147544 -0.181032 -0.030792 0.765652 -4.131465 -3.663607 0.019980 9.329773 -1.685159 0.006657 0.593982 2.983444 0.062422 0.161660 3.210179 0.712844 -4.070887 -3.492380 0.035904 9.261376 -1.593413 0.051839 0.045101 -0.051547 -0.152778 -0.175283 -0.001783
CCGT -0.454954 -1.107523 0.075125 0.157839 -0.142947 0.310377 1.428913 -3.614954 -4.280035 0.423029 9.042968 -1.509619 -0.031756 0.676879 2.963735 -0.241181 0.363980 3.170786 0.669672 -3.035222 -2.836165 -0.259805 9.342444 -2.231255 0.087616 -0.705540 -0.042229 -0.176182 -0.112554 0.152054
ACGC 0.099870 -0.551891 0.059957 0.185333 -0.150146 -0.085292 1.395757 -4.224230 -3.815444 0.215774 9.241112 -1.204184 -0.195910 0.442854 3.125571 -0.216286 0.018815 3.474010 0.860728 -3.699980 -3.215464 -0.154311 9.269376 -1.615360 -0.360957 -0.248751 0.083386 -0.220494 -0.166337 -0.091850
TCGT -0.009382 -0.503808 0.012241 0.149232 -0.150772 0.050839 0.441395 -3.990966 -3.424774 -0.085002 9.023641 -2.007232 0.009329 0.261785 3.121850 0.079578 0.571710 3.341106 -0.209202 -4.033621 -3.123487 -0.078232 8.981643 -1.893174 0.104220 -0.519714 -0.009137 -0.175951 -0.143807 0.141742
TCGC -0.019181 -0.908952 0.082840 0.241950 -0.112560 -0.138741 0.447689 -4.042566 -3.226932 0.032392 9.032353 -1.953136 -0.283075 0.818328 3.019157 -0.254231 0.566292 3.340149 0.625921 -3.220469 -3.238213 -0.021896 9.071890 -2.133454 0.048984 -0.640257 -0.022766 -0.233598 -0.178217 0.056126
TCGG 0.061481 -0.981067 0.005344 0.231345 -0.135243 0.024279 -0.566603 -4.034723 -3.293819 -0.212007 8.706396 -2.445513 0.122927 0.259973 3.209095 0.293982 1.160915 3.379945 -1.373516 -4.734787 -3.830248 0.220770 8.574235 -2.009976 0.105556 -0.606164 0.026590 -0.269529 -0.217535 0.114360
GCAA 0.227721 -0.478448 -0.059059 0.166017 -0.147720 0.055441 0.568771 -3.556527 -3.050878 -0.185720 9.072353 -2.012499 0.137394 0.396656 3.184907 0.187477 0.291561 3.258311 0.719599 -4.061105 -3.100522 -0.101815 9.278520 -1.782880 0.395547 -0.774445 0.127339 0.047709 -0.130116 0.049822
ACAA 0.499989 -0.489149 0.098197 0.243727 -0.125105 -0.003316 1.077688 -4.116549 -3.371933 0.004018 9.115927 -1.550016 0.085616 0.458732 3.140493 -0.084767 -0.071241 3.339998 1.409916 -3.541249 -2.517150 -0.295043 9.480892 -1.509546 0.255658 -0.755257 0.174947 0.030772 -0.138331 0.027517
GCAG 0.286025 -0.583289 -0.064310 0.164525 -0.121072 -0.028327 1.308498 -4.299821 -3.307513 0.169615 9.113260 -1.613562 -0.149837 0.499063 3.180624 -0.337343 0.100533 3.333521 0.902485 -3.505515 -2.440822 -0.445041 9.551876 -1.974702 0.203840 -0.666451 0.001976 0.070966 -0.107293 0.032393
CCAA 0.114966 -0.275588 0.070211 0.187750 -0.128085 -0.048787 0.080269 -4.278348 -3.430258 -0.027392 8.983134 -1.933921 0.047459 0.580657 3.118655 -0.308830 0.426213 3.290604 0.220313 -4.098621 -2.466416 -0.525321 9.312432 -2.144494 0.142515 -0.759797 0.009408 0.138253 -0.156458 -0.025295
ACAG 0.002534 -0.258491 0.004004 0.174026 -0.159988 0.008289 0.841442 -4.111557 -3.636893 0.225269 9.108572 -1.425773 -0.043038 0.486708 3.291672 -0.179986 0.217759 3.353336 0.877693 -3.747531 -3.529197 0.079837 9.193368 -1.614207 -0.122686 -0.310544 -0.026884 0.059845 -0.199888 -0.011974
TCAA -0.069491 -0.582014 0.048854 0.170793 -0.155126 -0.014035 -0.874366 -4.303682 -3.154427 -0.096778 8.738593 -2.098858 -0.012493 0.286614 3.214304 -0.135319 0.936744 3.368124 -0.724277 -4.214854 -2.885781 -0.382482 8.846255 -2.334651 -0.050515 -0.848759 0.100767 0.041989 -0.146701 -0.134087
GCAC -0.199264 -0.107683 -0.000676 0.149075 -0.193059 -0.060742 1.072488 -4.377767 -3.470331 0.150524 9.194598 -1.419656 -0.104180 0.588609 3.123718 -0.291605 0.069706 3.238556 0.707313 -3.927472 -2.926932 -0.264682 9.305126 -1.831793 -0.111303 -0.059017 -0.066366 0.065086 -0.191708 -0.004467
ACAT 0.355249 -0.628976 0.114529 0.228370 -0.097494 0.037695 1.773950 -3.829000 -3.450539 0.136361 9.312589 -1.331654 0.040247 0.353712 3.338283 -0.063836 -0.173704 3.390266 1.684408 -3.560936 -3.170949 -0.019578 9.512454 -1.248815 -0.142799 -0.746520 0.167754 0.054171 -0.116180 0.084091
CCAG 0.114107 -0.341970 0.035620 0.202744 -0.150827 0.062881 -0.979876 -4.860158 -3.344395 0.025686 8.804345 -1.966372 -0.030839 0.083737 3.389895 -0.215970 0.804576 3.368289 -0.244543 -4.148870 -3.591587 0.025107 8.921294 -1.888422 -0.003726 -0.747172 -0.102639 0.007995 -0.155088 0.166376
GCAT 0.443460 -0.748046 -0.148270 0.238872 -0.139345 0.143965 1.886550 -3.563359 -2.557303 0.220745 9.311724 -1.640250 -0.025003 0.555432 3.402892 -0.012081 -0.218878 3.308096 1.656211 -3.263240 -2.511549 -0.206571 9.707948 -1.706890 0.045506 -1.099252 0.226928 0.073717 -0.076286 0.164060
CCAC -0.114238 -0.567363 0.040605 0.150888 -0.169112 0.052187 1.434575 -3.673912 -3.627744 0.133078 9.162094 -1.654704 0.071582 0.477375 3.113565 -0.181389 0.154836 3.272606 0.581313 -3.468445 -2.526836 -0.408540 9.442123 -1.964661 0.085786 -0.765831 0.028474 0.054625 -0.130616 0.054643
ACAC 0.254882 -0.543139 0.029434 0.171134 -0.158671 0.022659 0.956716 -3.944875 -3.359347 0.012093 9.045702 -1.622193 -0.017946 0.397468 3.295481 0.029318 0.101596 3.335372 1.084255 -3.931403 -3.110129 -0.046665 9.163806 -1.620883 0.160143 -0.592935 0.091812 0.041140 -0.148455 0.108804
TCAG 0.021015 -1.079791 0.067149 0.283651 -0.178183 -0.065675 1.301327 -3.812829 -3.773446 0.242023 9.070399 -1.761177 -0.069326 0.654711 3.139080 -0.399152 0.294870 3.352630 0.604383 -3.221857 -2.833701 -0.434848 9.443728 -2.092502 -0.116498 -0.893895 -0.075770 0.085333 -0.111261 0.080891
CCAT -0.280634 -0.190695 -0.033860 0.125255 -0.132505 0.035470 -0.543896 -4.816129 -3.592422 0.377848 8.650961 -1.867605 -0.129176 0.389447 3.306362 -0.438301 0.833690 3.257851 0.328624 -3.485270 -3.443311 -0.260967 8.904518 -2.318298 0.070503 -0.962669 0.176339 0.014178 -0.122344 0.011708
TCAC -0.228547 -0.577366 0.045374 0.123927 -0.155620 0.024216 0.948704 -4.182386 -3.528311 0.010517 9.065912 -1.756935 -0.096901 0.500853 3.175541 -0.182188 0.378680 3.273423 0.411932 -3.533265 -2.967298 -0.194917 9.195330 -2.002114 -0.018867 -0.602123 -0.004629 0.129267 -0.146058 0.112287
TCAT 0.361545 -0.280510 0.003875 0.146982 -0.119653 -0.230199 1.548499 -3.242906 -3.259849 0.016907 9.551404 -0.890489 -0.377441 0.636516 2.915832 -0.098623 -0.295218 3.403310 0.727722 -3.378156 -1.398853 -0.821587 9.796490 -2.035816 0.021323 -1.144166 0.187148 -0.027769 -0.083823 0.122386
GAAA 0.351015 -1.076543 0.044551 0.098064 -0.135236 -0.044068 0.965861 -3.452633 -3.309948 -0.179585 9.388378 -1.777331 -0.088774 -0.080767 3.284623 -0.043437 -0.131106 3.262319 1.368703 -3.003556 -2.505544 -0.397147 9.648308 -1.933258 0.319250 -1.210333 0.111570 0.097473 -0.130010 0.016972
AAAA 0.053989 -0.863302 0.109075 0.080141 -0.140549 -0.110625 0.988790 -4.025317 -3.340194 -0.133939 9.383461 -1.565200 -0.132801 0.034344 3.265852 -0.155599 -0.068635 3.289346 0.979690 -3.446552 -3.087775 -0.375216 9.516579 -1.908488 -0.063151 -0.888990 0.124884 0.082055 -0.141394 -0.120267
CAAA 0.509371 -0.890410 0.159155 0.010601 -0.134784 0.110053 0.886533 -3.548151 -2.679551 -0.344564 9.350001 -1.884060 -0.069958 0.075343 3.152889 -0.167698 -0.169618 3.282197 1.309921 -3.053867 -2.099844 -0.571606 9.752155 -1.912946 0.474604 -1.144676 0.072947 0.123417 -0.125423 0.099548
GAAG 0.127142 -0.934931 0.032809 0.111101 -0.123374 -0.013271 1.065305 -3.382155 -2.330696 -0.453175 9.548614 -1.879289 -0.145725 0.249361 3.064808 -0.008319 -0.256059 3.229063 1.414242 -2.849780 -2.537982 -0.413471 9.663248 -1.862141 0.258068 -0.922431 0.112104 0.184518 -0.138326 0.109308
GAAC 0.177940 -0.968526 0.056273 0.065037 -0.139737 0.040916 1.115090 -3.343391 -3.016528 -0.238569 9.479442 -1.741760 -0.125596 0.089930 3.167421 -0.019482 -0.184945 3.273921 1.503486 -2.820155 -2.813231 -0.303262 9.625470 -1.830326 0.278086 -0.983862 0.078968 0.135197 -0.127519 0.130415
TAAA 0.370872 -1.153034 -0.025864 0.053167 -0.106244 -0.006153 1.147675 -3.336808 -3.259339 -0.323073 9.494317 -1.734552 -0.131744 -0.102754 3.181492 0.145711 -0.171099 3.255692 1.002975 -3.551820 -2.663938 -0.533765 9.607424 -1.994729 0.376067 -1.208323 0.109173 0.090393 -0.135643 0.090144
AAAG 0.248347 -1.158571 0.082597 0.107008 -0.127274 0.028623 1.190334 -3.289425 -2.628745 -0.299070 9.547952 -1.678188 -0.112742 -0.069680 3.220543 0.005515 -0.301363 3.258581 1.659183 -2.975292 -2.645813 -0.265780 9.672933 -1.726481 0.185817 -0.999424 0.097529 0.143481 -0.145694 0.083600
AAAC 0.223564 -1.107061 0.082518 0.046317 -0.115454 0.141058 1.500077 -3.541525 -2.703781 -0.153896 9.569162 -1.397866 -0.159237 -0.021194 3.261776 -0.144448 -0.344135 3.309332 1.598879 -2.810397 -2.564016 -0.312698 9.661328 -1.672636 -0.005374 -0.987423 0.074406 0.069233 -0.167485 0.084713
AAAT 0.303941 -1.424897 0.119507 0.115667 -0.145666 0.107976 1.685349 -3.085467 -2.674150 -0.217902 9.654950 -1.622408 -0.081608 -0.218174 3.295426 0.016702 -0.411453 3.266974 2.020194 -3.055669 -2.415365 -0.284188 9.743538 -1.558226 0.058162 -1.265821 0.143309 0.054424 -0.142635 0.130502
TAAC 0.019645 -0.834585 0.065943 0.083471 -0.151151 -0.117653 0.442487 -4.155950 -2.746971 -0.242896 9.296965 -1.730464 -0.283335 0.063429 3.106224 -0.308208 0.046925 3.260976 0.743640 -3.304868 -1.789420 -0.651380 9.434206 -2.212332 0.085510 -1.002188 0.024831 0.052524 -0.101292 -0.044303
GAAT 0.173036 -0.999565 0.019199 0.068513 -0.162416 -0.102392 1.251699 -3.828882 -2.961548 0.065507 9.435576 -1.622658 -0.158007 -0.019405 3.338204 -0.159004 -0.162173 3.297798 1.283768 -3.268116 -2.742088 -0.441626 9.641072 -1.855539 0.001835 -1.021134 0.134656 0.096355 -0.154062 -0.111530
TAAG -0.092052 -0.653914 0.177068 0.046632 -0.132416 -0.027656 0.888202 -3.498538 -2.237021 -0.661100 9.541006 -1.764262 -0.226682 -0.010102 2.854685 -0.151775 -0.248641 3.250486 1.306729 -2.984401 -2.821468 -0.566956 9.633887 -1.912743 0.249379 -0.628482 0.114276 0.097313 -0.136243 0.082069
CAAG 0.020574 -0.472149 0.000899 0.060223 -0.153850 0.027476 1.073072 -3.981959 -3.291452 -0.098258 9.363160 -1.678587 -0.072236 0.213484 3.130206 -0.335671 -0.197686 3.280559 1.394067 -3.044503 -2.635977 -0.448593 9.697650 -1.813298 0.172527 -0.738088 -0.071687 0.149501 -0.150571 0.009671
CAAC 0.035008 -0.867551 0.097424 0.057745 -0.131121 0.032157 0.800107 -3.664349 -2.417307 -0.328872 9.218075 -1.893807 -0.175517 0.156005 3.078244 -0.052925 -0.138226 3.177326 0.963990 -3.125084 -2.514406 -0.523314 9.422893 -2.033581 0.479299 -0.827525 0.102951 0.154565 -0.107304 0.194425
TAAT 0.054632 -0.869060 0.124216 0.146179 -0.199345 0.069617 1.318503 -3.438743 -2.792575 -0.247116 9.652411 -1.781589 -0.070335 0.263942 3.123013 -0.009573 -0.370148 3.291260 1.739223 -2.974399 -2.610331 -0.321761 9.770008 -1.745940 0.064545 -0.924802 0.196399 0.174921 -0.131404 0.059814
CAAT -0.008309 -0.783484 0.118852 0.066500 -0.172073 -0.041845 0.902748 -3.991718 -3.215870 0.046012 9.154313 -1.754637 -0.138088 0.199058 3.294509 -0.266647 0.122343 3.289292 0.732653 -3.526304 -2.557301 -0.486503 9.433445 -2.160049 0.034481 -0.864752 0.148133 0.179447 -0.154809 -0.132972
AAGA 0.237064 -0.728639 0.140759 0.168300 -0.164717 0.021902 0.949445 -3.891115 -2.483698 -0.400106 9.556398 -1.642596 -0.122009 0.267066 2.977717 -0.023534 -0.275127 3.360846 1.351337 -3.525598 -2.444909 -0.258010 9.554560 -1.773149 0.072580 -0.716279 0.104437 -0.114007 -0.143214 -0.029401
GAGA -0.114621 -0.505627 -0.054880 0.097667 -0.156322 0.005533 1.565867 -3.546422 -2.796383 -0.307267 9.629267 -1.399246 -0.147014 0.333927 2.861203 0.045106 -0.457560 3.313206 1.724889 -3.243312 -2.923751 -0.264841 9.631237 -1.615184 0.022793 -0.399944 0.043219 -0.153065 -0.161210 -0.003617
CAGA -0.096733 -0.645546 -0.064503 0.008934 -0.164037 0.013180 0.953209 -3.334615 -2.424836 -0.537823 9.574803 -1.900373 -0.097027 0.215802 2.826132 0.201961 -0.061683 3.296217 0.817390 -4.034381 -2.668687 -0.615799 9.371557 -2.163828 0.045005 -0.613386 0.069983 -0.199578 -0.182496 -0.070185
GAGG -0.313556 -0.530967 0.067197 0.121386 -0.170379 -0.186162 1.796723 -3.028392 -2.910636 -0.269408 9.489225 -1.324618 -0.158929 0.314472 2.742044 0.025466 -0.453268 3.298752 1.785084 -3.112227 -3.253008 -0.178639 9.382133 -1.531682 -0.022843 -0.376511 0.028730 -0.154839 -0.161412 -0.134888
AAGG 0.230100 -0.818947 0.031118 0.177607 -0.136335 0.104273 0.860726 -3.522050 -2.532303 -0.604539 9.599377 -1.841299 -0.027157 0.188608 2.918764 0.170095 -0.298299 3.352516 1.503694 -3.361849 -3.077129 -0.161372 9.598954 -1.506489 0.216850 -0.604591 0.041774 -0.087324 -0.131285 0.081702
TAGA -0.108669 -1.295316 -0.109891 0.118578 -0.150354 -0.029347 0.400442 -3.372241 -2.503196 -0.673429 9.417228 -2.241339 -0.044627 0.021649 2.953728 0.489075 0.341611 3.386237 -0.050921 -4.460483 -2.761287 -0.331567 9.048444 -2.183152 -0.160925 -0.627104 0.107926 -0.158012 -0.161528 -0.174356
AAGC 0.131570 -0.577772 0.024601 0.049107 -0.165940 0.035655 1.424834 -3.951977 -3.725899 0.007508 9.562394 -0.871765 -0.339445 0.162029 3.047924 -0.273950 -0.435537 3.388798 1.642853 -2.813723 -2.621470 -0.329640 9.763748 -1.653641 -0.166961 -0.612985 0.021352 -0.153265 -0.135745 0.141461
CAGC -0.040267 -0.406935 -0.107714 0.069738 -0.172750 0.051189 1.593496 -3.539109 -2.543044 -0.521279 9.772814 -1.560411 -0.177325 0.302808 2.807814 0.115803 -0.493931 3.277264 1.572985 -3.269340 -2.430640 -0.359820 9.756428 -1.723939 0.119477 -0.292462 -0.005412 -0.136094 -0.170999 0.083251
AAGT 0.235149 -1.057937 0.142898 0.147336 -0.130057 0.155689 1.802140 -2.968156 -2.413796 -0.308424 9.772925 -1.053360 -0.105091 0.207779 3.090540 0.086160 -0.667498 3.502085 2.615357 -3.100247 -2.899137 -0.095609 9.673935 -1.251405 -0.463384 -1.043609 0.111205 -0.200565 -0.100462 0.029188
GAGC -0.206514 -0.769799 -0.126143 0.065796 -0.163812 -0.033679 0.938567 -3.490343 -2.428827 -0.545192 9.661332 -1.809915 -0.154697 0.171385 2.892545 0.254914 -0.091929 3.308466 0.937954 -3.667498 -2.645381 -0.352812 9.318632 -1.984107 -0.095225 -0.372247 0.019030 -0.191414 -0.172358 -0.038473
TAGG 0.016485 -0.553243 0.079344 0.104098 -0.119360 -0.066203 0.696504 -3.462534 -2.420900 -0.621764 9.373293 -2.146676 -0.107370 0.331135 2.734900 0.006428 -0.048712 3.252471 1.189427 -2.977682 -2.900356 -0.338510 9.420406 -1.830637 0.496298 -0.551799 0.055022 -0.086161 -0.140442 0.022344
GAGT -0.200386 -0.674497 -0.007937 0.066693 -0.162489 -0.055021 1.434654 -3.913525 -3.421546 -0.052627 9.535378 -1.266382 -0.250406 0.268156 3.037830 -0.164035 -0.229388 3.333802 1.274438 -3.137898 -2.989344 -0.324457 9.482469 -1.847600 -0.239412 -0.588563 0.062346 -0.167542 -0.144261 -0.035714
CAGG -0.045632 -0.596518 -0.008398 0.058305 -0.178563 0.076592 0.480642 -3.993031 -2.465064 -0.343311 9.401756 -1.869151 -0.172956 0.091915 2.954831 -0.119175 0.040472 3.279644 0.310518 -3.595006 -2.092533 -0.556887 9.492047 -2.147878 0.104222 -0.557915 0.024554 -0.142814 -0.145255 0.091349
TAGT -0.170491 -0.620833 0.082011 0.013798 -0.136436 -0.067540 1.275528 -3.485251 -2.482446 -0.365688 9.665818 -1.502015 -0.254176 0.337387 2.926365 0.068262 -0.337923 3.315769 1.696924 -3.086712 -2.865284 -0.275738 9.464217 -1.801065 -0.126110 -0.624839 0.158449 -0.144040 -0.078002 0.050371
TAGC -0.139576 -0.495934 0.048324 0.105012 -0.163980 -0.061764 0.133207 -4.304288 -2.519912 -0.336497 9.307457 -1.715897 -0.281520 0.169007 2.951042 -0.186888 0.030075 3.291914 0.903837 -3.372021 -3.068037 -0.371430 9.261852 -1.991905 0.092749 -0.534520 0.031516 -0.122560 -0.163584 0.010960
CAGT 0.036337 -0.694800 0.088360 0.056346 -0.118914 0.043014 1.237496 -2.982662 -1.738151 -0.703229 9.872721 -1.570653 -0.246348 0.378039 2.791789 0.133841 -0.503042 3.302700 2.141332 -3.015939 -2.969348 -0.186200 9.528620 -1.532018 0.059042 -0.832648 0.045729 -0.196539 -0.159976 0.107057
GGAA 0.480351 -0.614371 0.003945 -0.159999 -0.136784 -0.003502 1.243712 -3.972683 -3.125521 -0.078333 9.380394 -1.579869 -0.034873 0.228611 3.282932 -0.213707 -0.177200 3.324707 1.406670 -3.028132 -2.368624 -0.407623 9.743524 -1.748078 0.260557 -0.996006 0.065616 0.095292 -0.136065 -0.031794
AGAA 0.230786 -0.621371 0.077083 -0.167393 -0.166818 -0.097888 0.579393 -3.917748 -3.028284 0.002763 9.274270 -1.550290 -0.008497 0.150611 3.430635 -0.237438 0.059869 3.328498 0.507372 -3.674279 -2.634972 -0.208178 9.464255 -1.804306 -0.045696 -0.856939 0.000068 0.083520 -0.180396 -0.184552
AGAT 0.075909 -0.731039 0.042603 -0.141023 -0.183107 -0.127685 1.334354 -3.915653 -3.494975 0.193735 9.336011 -1.308190 -0.099590 0.157190 3.521418 -0.168631 -0.003974 3.353083 0.868189 -4.325139 -1.806817 -0.102587 9.426308 -1.850917 -0.304977 -0.746361 0.109728 0.110960 -0.189857 -0.162419
TGAA -0.003845 -0.544133 0.110572 -0.229035 -0.110018 -0.056105 0.104711 -4.330562 -2.970766 -0.150499 9.083163 -1.947711 -0.162546 0.251273 3.233610 -0.435545 0.323267 3.247733 0.205519 -3.219467 -2.100694 -0.662698 9.344911 -2.394652 0.192813 -0.990506 0.030777 0.133717 -0.127302 0.000072
AGAC -0.203435 -0.447790 0.089748 -0.170199 -0.195205 -0.057921 0.806596 -4.570824 -3.209360 0.048436 9.273038 -1.509167 -0.172585 0.280495 3.338633 -0.405822 0.118280 3.256331 0.433551 -3.578711 -2.858181 -0.293267 9.369056 -2.001780 -0.222234 -0.407217 -0.044988 0.086874 -0.180693 -0.089357
AGAG -0.125566 -0.419093 0.071430 -0.120755 -0.171143 -0.116589 1.484074 -3.878045 -4.198535 0.408788 9.070354 -0.847132 -0.197952 0.149390 3.256069 -0.393004 -0.098432 3.328381 0.936241 -3.561928 -2.995515 -0.357456 9.372255 -1.697075 -0.161052 -0.615843 0.039513 0.062518 -0.140270 -0.035704
GGAC 0.112028 -0.804267 -0.029422 -0.173996 -0.146361 -0.059321 1.525706 -3.631701 -3.092927 0.000131 9.402025 -1.588009 -0.193295 0.345739 3.239919 -0.316694 -0.108809 3.251475 1.050572 -3.072725 -2.409007 -0.461874 9.673592 -2.025246 0.157173 -0.871771 0.003005 0.096872 -0.150383 -0.022084
CGAA 0.420558 -0.687279 0.006698 -0.252217 -0.142748 0.052248 1.356870 -3.515750 -3.274372 -0.104473 9.276175 -1.727459 -0.012337 0.213914 3.317841 -0.166967 0.016261 3.297587 1.101866 -3.387953 -2.764693 -0.375126 9.588872 -1.927558 0.307988 -1.110499 -0.000057 0.075104 -0.151008 -0.021333
GGAG -0.257740 -0.474706 0.036691 -0.191153 -0.155664 -0.012024 1.386668 -4.073996 -3.528233 0.071173 9.310103 -1.335611 -0.196245 0.228366 3.291873 -0.320660 0.047123 3.308987 0.631929 -3.703866 -2.957209 -0.408663 9.400949 -2.061161 -0.222659 -0.495786 -0.057774 0.096007 -0.160704 0.001986
CGAG -0.345946 -0.670499 0.179386 -0.181241 -0.139028 -0.183502 0.190263 -4.976548 -4.282165 0.408761 8.743187 -1.648964 -0.200715 0.216683 3.532246 -0.580239 0.833640 3.334222 0.064775 -4.227549 -2.860227 -0.490560 8.784178 -2.498462 -0.416698 -0.704464 0.091127 0.093144 -0.185233 -0.416852
GGAT 0.013495 -0.618858 0.024877 -0.160470 -0.166197 -0.171030 1.736075 -3.786061 -2.976338 0.003199 9.422983 -1.538788 -0.006723 0.150930 3.432499 -0.038223 -0.146296 3.306644 1.313501 -3.771845 -3.287168 -0.088290 9.493188 -1.607300 -0.165726 -0.682256 0.111281 0.092611 -0.152119 -0.204007
TGAC -0.300861 -0.491719 0.005325 -0.178449 -0.140152 -0.190371 1.023955 -3.581666 -3.233192 0.014840 9.183852 -1.691817 -0.169971 0.196937 3.162315 -0.367647 0.049158 3.198410 0.341733 -2.948175 -1.721194 -0.697696 9.551406 -2.413143 0.302354 -0.543968 0.054896 0.096328 -0.124646 0.035616
TGAT 0.005448 -1.035550 0.085748 -0.287041 -0.166215 -0.045622 2.218225 -3.480579 -3.534225 0.315313 9.307014 -1.250083 -0.241963 0.196974 3.491908 -0.199853 -0.096776 3.275026 1.089205 -2.746709 -2.948033 -0.235569 9.590761 -1.838942 -0.286915 -0.992223 0.267616 -0.012188 -0.074201 0.036112
TGAG 0.056047 -0.697148 0.026803 -0.157763 -0.157080 0.056048 -0.551216 -4.741367 -3.228580 0.129272 8.800936 -1.863830 -0.194924 -0.147708 3.529460 -0.402530 0.772386 3.401502 -0.664269 -4.185328 -2.573771 -0.456760 8.990008 -2.413081 -0.027606 -0.890348 -0.118101 0.096988 -0.169399 0.107355
CGAT -0.018188 -0.816743 0.074773 -0.196556 -0.130166 0.058037 1.220258 -3.679868 -2.881319 -0.066707 9.385310 -1.646767 -0.085903 0.227229 3.342248 -0.128446 0.021948 3.295501 0.996660 -3.306439 -3.034441 -0.188951 9.459208 -1.862941 -0.094717 -0.888292 0.025505 0.046727 -0.091812 0.050118
CGAC -0.054105 -0.529612 -0.038838 -0.185642 -0.149979 0.036597 1.690692 -4.057856 -3.795478 0.286944 9.151715 -1.232643 -0.290160 0.164214 3.470495 -0.339458 0.061757 3.285580 1.109068 -3.273700 -2.826765 -0.201529 9.407473 -2.079945 -0.028729 -0.579430 -0.061050 0.124106 -0.135702 0.093626
AGGA 0.387777 -0.400703 0.047945 -0.065278 -0.117423 0.041900 1.657273 -3.399547 -3.199524 -0.172836 9.603462 -1.312040 0.064664 0.347956 3.084640 -0.083430 -0.413016 3.453155 1.834711 -3.314457 -2.735582 -0.176494 9.755984 -1.337014 -0.083350 -0.678882 0.056078 -0.125047 -0.132376 -0.159772
AGGG 0.252504 -0.553959 0.060527 -0.149557 -0.148242 -0.001287 -0.271909 -5.158807 -3.118769 -0.068045 9.099128 -1.684515 -0.093128 0.038902 3.347709 -0.303777 0.343694 3.384479 0.185928 -4.075001 -2.827603 -0.260833 9.278562 -1.944349 0.056593 -0.834289 0.014220 -0.158092 -0.153198 0.012878
GGGA 0.099808 -0.563627 0.058002 -0.154862 -0.160583 -0.048141 0.067340 -4.434680 -3.531315 0.028178 9.177793 -1.585753 -0.138452 0.167696 3.225130 -0.334258 0.360319 3.368177 0.165513 -4.349968 -2.469340 -0.494615 9.254069 -2.162762 -0.069207 -0.643910 -0.008310 -0.164639 -0.171722 -0.125433
AGGT 0.259899 -0.645676 0.111331 -0.146518 -0.134232 0.062806 2.214157 -3.333742 -2.408965 -0.220824 9.761564 -0.852741 -0.062851 0.374981 3.028897 -0.070511 -0.709149 3.472313 1.688770 -3.056830 -2.530088 -0.114740 9.724889 -1.080282 -0.388496 -0.848109 0.051309 -0.227659 -0.124043 -0.002032
AGGC -0.191209 -0.591526 0.006786 -0.167510 -0.184296 -0.195050 0.985502 -4.016684 -3.188884 -0.107926 9.422035 -1.492259 -0.173772 0.257475 3.164292 -0.130876 0.086729 3.329881 0.218713 -4.251034 -1.759025 -0.322321 9.220194 -2.042148 -0.307070 -0.424681 0.002963 -0.151515 -0.175265 -0.258065
CGGG 0.334911 -0.020131 -0.042109 -0.133751 -0.183492 -0.073659 0.583086 -4.119551 -2.612372 -0.495766 9.336084 -2.049639 0.198557 0.294650 3.126314 0.317643 0.028263 3.301263 1.601770 -4.535161 -3.657654 0.076020 9.350271 -1.533210 0.485710 -0.370222 0.093449 -0.158172 -0.193010 -0.193879
CGGA 0.273629 -0.397297 0.031663 -0.281607 -0.155547 0.080716 1.085036 -4.853980 -1.445845 -0.288298 9.542143 -1.671561 -0.188084 0.565034 2.878490 -0.373960 -0.214496 3.275209 1.116114 -2.871021 -2.242077 -0.676915 9.733353 -1.996001 0.253883 -0.845018 0.016911 -0.244696 -0.159208 0.033520
GGGT -0.066515 -0.833000 -0.009277 -0.163170 -0.159857 0.015594 2.623324 -3.050993 -3.469520 -0.151522 9.780246 -0.722619 0.050199 0.379377 3.025043 0.135757 -0.775033 3.387837 2.174877 -2.829548 -2.797557 -0.072357 9.643374 -0.905320 -0.457781 -0.833969 0.047028 -0.182260 -0.155273 -0.019027
GGGG 0.185054 -0.874102 0.044636 -0.135736 -0.164860 -0.040937 -0.673075 -4.511392 -3.058097 -0.374220 9.002281 -2.117068 -0.005846 -0.049956 3.287036 0.115736 0.685527 3.354259 -0.825061 -5.111200 -2.788973 -0.222440 8.986544 -2.108790 0.129673 -0.731434 0.058802 -0.156178 -0.161658 -0.004227
GGGC 0.010644 -0.465930 -0.102625 -0.168526 -0.198982 -0.002377 1.713139 -3.400033 -2.993353 -0.056773 9.565648 -1.308162 -0.040083 0.299619 3.099529 0.007779 -0.279684 3.343015 1.325766 -3.668415 -3.028052 -0.113685 9.553326 -1.405057 -0.103903 -0.580547 0.028140 -0.188652 -0.166443 -0.055780
TGGA 0.024994 -0.288374 0.013500 -0.164038 -0.137418 0.075993 -0.208577 -4.364803 -2.641493 -0.212118 9.213686 -1.952831 -0.130016 0.313006 3.040797 -0.284793 0.275720 3.289707 0.286715 -3.633698 -2.376293 -0.646735 9.321801 -2.306010 0.216292 -0.608027 0.024807 -0.190678 -0.117972 0.011916
TGGG -0.091607 -0.515826 -0.007755 -0.177764 -0.150258 0.057807 1.303676 -3.649965 -3.099952 -0.161234 9.422359 -1.515257 -0.093456 0.303322 3.011402 -0.242955 -0.188409 3.241296 1.063779 -3.124481 -2.721228 -0.372179 9.559285 -1.843751 0.208490 -0.528249 -0.095815 -0.119472 -0.152538 0.054767
CGGT 0.036466 0.265447 -0.053770 -0.153612 -0.189942 0.077293 1.036390 -4.513892 -1.182628 -0.372212 9.796159 -1.528516 0.023588 0.486984 2.868297 0.073107 -0.498869 3.272016 1.577769 -3.860237 -3.209225 -0.265081 9.803819 -1.385997 0.174280 0.111476 0.015503 -0.148804 -0.184539 -0.007112
TGGC -0.094650 -0.209400 0.015338 -0.186432 -0.151144 -0.016758 1.265982 -3.861119 -2.845904 -0.376374 9.625521 -1.502783 -0.124486 0.410958 2.909211 -0.167552 -0.332029 3.255664 1.182653 -3.475692 -2.523034 -0.472751 9.628721 -1.751519 0.016618 -0.243364 -0.022042 -0.144064 -0.146960 -0.059203
CGGC 0.081566 -0.539856 0.007820 -0.173251 -0.169055 0.050795 0.519456 -4.081855 -2.804409 -0.246416 9.412381 -1.701010 -0.008390 0.223608 3.193050 0.030583 0.153838 3.344202 0.411459 -4.243537 -2.912559 -0.157098 9.289964 -1.800460 -0.112364 -0.397089 -0.008671 -0.143389 -0.170882 -0.095641
TGGT -0.021197 -0.254668 0.043455 -0.130941 -0.224893 0.079700 1.057768 -3.238311 -2.346089 -0.494833 9.852809 -1.506778 -0.036239 0.539669 2.877121 0.066558 -0.438210 3.328018 1.628817 -3.503789 -3.072467 -0.172076 9.720906 -1.445144 -0.127067 -0.441926 0.055635 -0.168105 -0.184661 0.045050
AGCT 0.065349 -0.488103 0.028215 -0.184869 -0.123954 0.036663 1.502220 -3.656034 -3.268991 -0.174774 9.645649 -1.443889 0.000000 0.180443 3.303476 0.000000 -0.355899 3.309406 1.502220 -3.656034 -3.268991 -0.174774 9.645649 -1.443889 -0.065349 -0.488103 0.028215 0.184877 -0.124122 0.036917
TGCA -0.273623 -0.392799 -0.025140 -0.184597 -0.136084 0.020514 0.425687 -3.145365 -2.210434 -0.635469 9.513190 -2.168590 -0.000000 0.196676 2.894018 0.000000 -0.054919 3.167855 0.425687 -3.145365 -2.210434 -0.635469 9.513190 -2.168590 0.273623 -0.392799 -0.025140 0.184584 -0.136132 0.021032
CGCG -0.293900 -0.015455 0.039711 -0.178058 -0.201860 -0.212257 0.494666 -3.731092 -2.537397 -0.567084 9.492681 -2.106669 0.000000 0.336617 2.879427 -0.000000 -0.042441 3.170710 0.494666 -3.731092 -2.537397 -0.567084 9.492681 -2.106669 0.293900 -0.015455 0.039711 0.178032 -0.201976 -0.210522
GGCC -0.092748 -0.034993 -0.030227 -0.159027 -0.209770 -0.378162 1.489021 -3.992158 -3.170801 -0.114264 9.632703 -1.534183 0.000000 0.274307 3.255436 0.000001 -0.372809 3.237279 1.489021 -3.992158 -3.170801 -0.114264 9.632703 -1.534183 0.092748 -0.034993 -0.030227 0.159030 -0.209795 -0.377612
CGCC -0.369124 -0.208985 -0.073400 -0.213109 -0.138663 -0.111780 2.012281 -3.042281 -2.636176 -0.054720 9.672118 -1.338016 -0.150252 0.425142 3.025731 -0.083492 -0.509691 3.211153 1.802098 -2.762581 -2.479066 -0.392350 9.588109 -1.600712 0.005120 -0.407738 0.056875 0.246337 -0.125249 0.045688
TGCG -0.357637 -0.633598 -0.136729 -0.226661 -0.155743 0.169746 0.804088 -2.670342 -1.305210 -1.029785 10.022228 -2.299358 0.205194 0.331508 2.834065 0.329148 -0.397177 3.255465 1.287846 -3.035494 -1.758296 -0.450682 9.819730 -1.921131 -0.021833 -0.242243 -0.073596 0.263774 -0.175545 -0.058743
TGCC 0.062995 -0.336210 -0.002571 -0.173420 -0.171516 -0.100949 0.066582 -4.332056 -2.730233 -0.501013 9.314499 -2.187097 0.118694 0.121664 3.146437 0.007044 0.114852 3.216501 0.745772 -3.473875 -3.039851 -0.271159 9.467255 -1.842382 0.347358 -0.603871 0.028661 0.191461 -0.175380 -0.153128
GGCT -0.018064 -0.412668 -0.057477 -0.125371 -0.156010 -0.042875 1.566873 -3.145085 -2.769868 -0.204541 9.683916 -1.297413 -0.025085 0.152359 3.185399 0.137857 -0.460362 3.285699 1.570773 -3.813720 -3.066102 -0.236129 9.595953 -1.385456 -0.065097 -0.455350 0.020529 0.158167 -0.153048 -0.011544
CGCT 0.049981 -0.001327 -0.051661 -0.165896 -0.192045 0.005144 1.469813 -3.347696 -2.810958 -0.152439 9.648625 -1.619034 0.085183 0.249327 3.154908 0.141644 -0.336938 3.241234 1.378362 -4.143511 -3.204276 -0.227811 9.670785 -1.532865 0.252933 -0.149927 0.038003 0.165584 -0.198369 -0.059785
TGCT -0.205812 -0.474068 -0.048220 -0.188477 -0.118452 -0.047146 1.120181 -3.097250 -2.216498 -0.536054 9.675204 -1.855831 0.007192 0.289149 3.059634 0.173796 -0.372247 3.202050 1.736011 -3.344105 -2.750327 -0.206887 9.482262 -1.574274 0.238269 -0.644647 0.005306 0.171868 -0.145235 -0.054115
CATG -0.011673 -0.956438 0.106045 0.006579 -0.117065 0.018132 1.063157 -2.926858 -1.586060 -0.745282 9.875661 -2.140170 -0.000000 0.183372 2.792649 -0.000000 -0.493023 3.287215 1.063157 -2.926858 -1.586060 -0.745282 9.875661 -2.140170 0.011673 -0.956439 0.106045 -0.006565 -0.117083 0.018110
TATA -0.197142 -0.368469 0.195004 0.076143 -0.154194 0.004356 2.800430 -2.526538 -2.822220 -0.236860 9.902051 -0.933632 0.000000 0.292867 2.635641 -0.000000 -1.327513 3.277348 2.800430 -2.526538 -2.822220 -0.236860 9.902051 -0.933632 0.197142 -0.368469 0.195004 -0.076151 -0.154218 0.004774
GATC -0.053843 -0.967201 0.132614 0.007511 -0.123168 0.011542 1.471560 -2.961675 -2.042697 -0.684859 9.913917 -1.856542 0.000000 0.049681 2.842634 -0.000047 -0.588262 3.258256 1.471560 -2.961675 -2.042697 -0.684859 9.913917 -1.856542 0.053843 -0.967201 0.132614 -0.007504 -0.123196 0.011680
AATT 0.056436 -1.123870 0.158999 0.114004 -0.140833 0.040770 1.768134 -2.965808 -2.104570 -0.575728 9.923197 -1.671630 0.000000 -0.178586 2.923792 0.000001 -0.707920 3.298189 1.768134 -2.965808 -2.104570 -0.575728 9.923197 -1.671630 -0.056436 -1.123870 0.158999 -0.114008 -0.140734 0.040745
CATA -0.175665 -0.709375 0.227247 0.020425 -0.074801 -0.027153 1.636807 -2.728510 -2.806762 -0.508659 9.710718 -1.755851 0.044052 0.149754 2.642367 -0.025504 -0.570838 3.179181 1.084470 -2.373555 -1.363615 -0.914630 9.837517 -1.890059 0.374700 -0.661913 0.320601 0.004587 -0.111417 -0.048603
GATT -0.178697 -0.679369 0.126004 0.123956 -0.152086 -0.219877 1.645349 -3.031649 -2.477828 -0.631837 9.927622 -1.670584 -0.044264 0.019947 2.780208 -0.025857 -0.727031 3.255304 1.744131 -2.881413 -2.214276 -0.558493 9.893071 -1.706901 -0.002975 -0.714195 0.075979 -0.104597 -0.147260 -0.169670
CATC 0.024195 -1.066544 0.203603 0.064765 -0.085591 0.128283 0.977619 -2.512951 -1.340238 -1.073007 9.957379 -2.229616 0.044896 -0.025755 2.695946 0.173617 -0.630811 3.180589 1.586632 -2.652570 -1.751187 -0.750975 9.961516 -1.889219 0.359098 -0.968838 0.254427 0.018166 -0.062473 0.028836
TATC -0.136966 -0.502746 0.051670 0.035810 -0.134295 -0.028853 1.611768 -3.287555 -2.066739 -0.606616 9.854743 -1.827320 0.065584 -0.006354 2.806111 -0.107472 -0.766075 3.255988 1.842426 -3.085151 -1.944552 -0.611668 9.910726 -1.620467 0.162232 -0.541453 0.009406 -0.075094 -0.161948 -0.151531
TATT -0.286725 -0.713606 0.222988 0.037675 -0.141204 0.035646 1.675760 -3.047097 -2.359397 -0.565901 9.881731 -1.770772 -0.036221 -0.073344 2.850322 -0.131915 -0.635751 3.241756 1.311322 -2.950360 -2.149588 -0.715928 9.825267 -1.830717 -0.081552 -0.881486 0.172473 -0.085515 -0.142925 0.071985
CATT -0.131303 -0.913341 0.265944 0.022021 -0.125728 0.089535 1.692834 -2.532760 -2.427503 -0.551466 9.821799 -1.642166 -0.061467 0.020429 2.857372 -0.016193 -0.599087 3.297603 1.577850 -3.044786 -2.688170 -0.243988 9.895731 -1.791886 -0.064229 -1.218438 0.282836 -0.182314 -0.098163 0.217656
AACC -0.168700 -0.953423 0.005077 0.033571 -0.106046 -0.191345 1.358199 -2.903897 -2.003826 -0.533395 9.995017 -1.493457 -0.205899 0.061908 3.050712 0.197126 -0.541021 3.289396 1.519927 -3.269445 -2.758280 -0.308264 9.557143 -1.769664 -0.148779 -0.663429 0.000124 0.217600 -0.175724 -0.081428
GACA -0.279312 -0.499225 -0.060096 0.055086 -0.187160 -0.118080 1.143973 -3.176556 -1.959886 -0.693461 9.840052 -1.900048 -0.128984 0.250138 2.826646 0.200980 -0.429536 3.238670 1.298037 -3.381159 -2.363477 -0.570646 9.643083 -2.031055 0.104978 -0.254198 0.002961 0.186171 -0.164880 -0.009359
AACG -0.279036 -0.803119 0.049259 0.062591 -0.189423 -0.035558 1.644105 -3.612379 -2.444308 -0.258661 9.917368 -1.416285 -0.213595 0.067288 3.154059 -0.108293 -0.619430 3.291024 1.684506 -3.012246 -2.653845 -0.355759 9.743978 -1.668024 -0.282965 -0.437790 0.003002 0.151434 -0.187022 0.093519
GACG 0.400302 -0.286610 0.051116 0.133197 -0.131543 0.043426 1.134536 -2.337878 -1.940435 -0.945502 9.838237 -2.108967 0.296957 0.082343 2.710279 0.493223 -0.698479 3.239615 2.468329 -2.904401 -2.303592 -0.319863 10.025409 -1.278297 0.984804 -0.587739 0.169032 0.270924 -0.112751 -0.323941
AACA 0.308197 -0.890782 0.098185 0.115228 -0.136342 0.118335 1.320540 -2.605003 -2.157043 -0.601609 9.712722 -1.662242 0.033844 0.049313 2.982324 0.293206 -0.620373 3.308780 2.060973 -2.992951 -2.507878 -0.322831 9.689120 -1.423318 0.327132 -0.725628 0.166851 0.213688 -0.099316 0.013061
CACG -0.065034 -0.432490 -0.090190 0.104527 -0.166237 0.039717 1.396391 -3.039408 -2.240936 -0.560047 9.861780 -1.759096 -0.073232 0.243945 2.825333 0.218482 -0.590393 3.279684 1.743769 -3.271162 -1.880067 -0.511656 9.743000 -1.816637 0.196891 -0.277576 0.000272 0.172561 -0.144863 0.083633
CACA 0.055950 -0.410405 0.046921 0.042733 -0.128600 0.066840 0.829804 -2.937513 -1.953620 -0.710690 9.429309 -1.909160 0.037793 0.137036 2.826448 0.113767 -0.438570 3.239283 1.574571 -3.160082 -2.022221 -0.634656 9.498482 -1.754406 0.427125 -0.457327 0.044914 0.204843 -0.113334 -0.011003
TACA -0.115740 -0.447823 0.096350 0.061279 -0.148994 -0.014720 1.040093 -2.851414 -2.102131 -0.688961 9.778255 -1.749254 -0.064028 0.103005 2.833341 0.018079 -0.486100 3.228964 1.502321 -3.152611 -2.457471 -0.584348 9.797993 -1.797845 0.236488 -0.484464 0.022878 0.210753 -0.137707 0.004369
GACC 0.133155 -0.589080 0.057552 0.077396 -0.136418 0.054128 1.655974 -2.973531 -2.180800 -0.537715 10.014493 -1.568883 -0.066184 0.260275 2.898247 0.246146 -0.787279 3.237833 2.756324 -2.910132 -2.790224 -0.153675 9.757183 -1.192049 0.402641 -0.638720 0.082184 0.183745 -0.163196 -0.013204
TACC -0.129115 -0.714038 -0.027001 0.089860 -0.148266 0.088527 0.907737 -2.796818 -2.050047 -0.679445 9.772843 -1.925570 -0.049168 0.044414 2.865439 0.130228 -0.400575 3.254400 1.499866 -2.891622 -2.453386 -0.458838 9.668641 -1.755197 0.207532 -0.713178 0.009131 0.150167 -0.112032 0.047410
CACC -0.147922 -0.047764 -0.001356 0.049993 -0.208837 -0.040060 1.587970 -3.179080 -2.336479 -0.625935 9.971767 -1.513158 -0.094562 0.291225 2.798788 0.195057 -0.728075 3.254663 1.969575 -3.531232 -2.430149 -0.471719 9.801268 -1.558651 0.197127 0.020067 0.040100 0.171598 -0.199084 -0.014759
TACG -0.300343 -0.944814 -0.023708 0.088405 -0.179968 0.064814 -0.415526 -4.114219 -2.721269 -0.453635 9.183199 -2.183835 -0.126591 -0.167520 3.141833 0.034833 0.458769 3.327582 -0.714252 -4.776674 -2.968897 -0.633635 9.097834 -2.298455 -0.108820 -0.549976 0.031005 0.155109 -0.169576 0.084346
GACT -0.034812 -0.759304 -0.022120 0.101000 -0.134486 -0.000990 1.395807 -2.434025 -1.850124 -0.613283 9.994996 -1.632060 -0.036858 0.310385 2.913653 0.395995 -0.671787 3.269170 2.259761 -3.096115 -2.496565 -0.255445 9.764710 -1.540522 0.098837 -0.662841 0.091010 0.202057 -0.122010 0.030319
AACT 0.588945 -1.006724 0.079322 0.118529 -0.111650 0.187112 1.007182 -2.363304 -1.856211 -0.743429 10.015337 -1.620451 0.040412 0.060069 3.012193 0.349023 -0.772078 3.364185 2.333362 -3.237723 -2.469001 -0.336188 9.870163 -1.349801 0.316199 -1.168332 0.164606 0.157957 -0.117336 0.033734
TACT -0.017568 -0.423504 0.049591 0.026127 -0.148888 0.030380 1.215971 -3.124310 -2.495318 -0.381200 9.665816 -1.623708 -0.070827 0.175030 2.943683 -0.104131 -0.559434 3.258412 1.893960 -2.999428 -2.390652 -0.486110 9.699236 -1.558328 0.213777 -0.573148 0.005732 0.191287 -0.145931 0.048268
CACT 0.172408 -0.683129 0.069184 0.060188 -0.138432 0.075397 0.986325 -2.397558 -1.953878 -0.709062 9.793402 -1.720383 -0.033947 0.170888 2.897401 0.304678 -0.589030 3.295648 1.465978 -3.447223 -1.782341 -0.502389 9.711242 -1.781829 0.280741 -0.744808 0.121511 0.175255 -0.093867 0.022894
