ATAT 0.316014 -0.835682 0.231839 -0.058524 -0.133567 0.101216 1.853867 -3.694401 -3.366910 0.126046 9.370884 -1.285084 0.000000 0.063280 3.547059 0.000000 -0.117571 3.446742 1.853867 -3.694401 -3.366910 0.126046 9.370884 -1.285084 -0.316014 -0.835682 0.231839 0.058524 -0.133567 0.101216
TTAA -0.024658 -0.910329 0.206312 -0.060102 -0.111885 -0.032756 0.661060 -3.478429 -2.970592 -0.155487 9.154674 -1.998875 -0.000000 0.342048 3.260583 -0.000000 0.387645 3.337778 0.661060 -3.478429 -2.970592 -0.155487 9.154674 -1.998875 0.024658 -0.910329 0.206312 0.060102 -0.111885 -0.032756
CTAG -0.217503 -0.777545 0.138258 -0.043067 -0.122783 0.032650 0.058785 -3.783515 -3.112683 -0.125678 8.851637 -2.238556 0.000000 0.223590 3.370013 -0.000000 0.691667 3.268024 0.058785 -3.783515 -3.112683 -0.125678 8.851637 -2.238556 0.217503 -0.777545 0.138258 0.043067 -0.122783 0.032650
GTAC -0.057016 -0.694713 0.152807 -0.042064 -0.131822 0.036390 1.284374 -3.406210 -2.655988 -0.153131 9.340146 -1.673500 -0.000000 0.447800 3.187143 0.000000 -0.043414 3.319731 1.284374 -3.406210 -2.655988 -0.153131 9.340146 -1.673500 0.057016 -0.694713 0.152807 0.042064 -0.131822 0.036390
ATAC 0.320317 -0.638921 0.162914 -0.009763 -0.127188 0.006216 2.027860 -3.783022 -2.728317 -0.149123 9.592609 -1.371149 -0.052120 0.409530 3.226432 -0.097458 -0.502738 3.387284 2.380324 -3.177569 -3.083513 -0.001055 9.589611 -1.166126 -0.076677 -0.607676 0.165626 0.074711 -0.134041 0.031697
GTAG -0.106430 -0.560986 0.014557 -0.114263 -0.118756 0.065955 1.171396 -3.586466 -3.205741 -0.107189 9.344273 -1.689681 0.006494 0.458022 3.211684 0.072349 0.040975 3.292641 1.307728 -3.632140 -3.149912 -0.083444 9.223234 -1.733940 0.006125 -0.883729 0.170596 -0.021734 -0.125495 0.009013
TTAG -0.368518 -1.264004 0.254106 -0.085188 -0.153577 0.120100 0.645045 -3.692406 -2.982885 -0.055817 9.036423 -2.034291 -0.004910 0.193311 3.575949 0.005828 0.575292 3.325397 0.230747 -3.948382 -3.400627 0.137168 8.858627 -1.987601 -0.301269 -0.743291 0.108127 0.168697 -0.152965 0.017113
CTAT 0.134498 -0.670351 0.104356 -0.068855 -0.141554 -0.032625 0.898803 -4.061283 -2.769819 0.043028 9.210265 -1.658440 -0.047089 0.029522 3.584099 0.146846 0.192583 3.419654 0.759161 -4.048583 -3.230991 0.098390 9.065145 -1.607052 -0.211313 -0.643252 0.184902 0.024652 -0.106166 0.009291
TTAC -0.116387 -0.901303 0.093082 -0.047671 -0.153669 -0.003940 1.391434 -3.376846 -2.610336 -0.161341 9.288886 -1.792395 0.029004 0.323320 3.309777 0.078917 0.088004 3.341983 0.758016 -3.866588 -2.551228 -0.214206 9.187567 -1.793130 -0.161734 -0.535803 0.085730 0.058815 -0.143132 0.023925
TTAT -0.109771 -0.972886 0.154294 -0.073327 -0.160584 -0.009106 0.974450 -3.924631 -2.752020 -0.046758 9.321322 -1.687447 -0.058023 0.077391 3.465908 0.120151 0.196617 3.384566 0.686179 -3.798073 -3.291034 0.044648 9.094153 -1.679785 -0.366441 -0.681811 0.216694 0.005139 -0.123152 0.027799
GCGC 0.121524 -0.547251 -0.016643 0.211731 -0.145965 -0.081356 1.555530 -3.470666 -3.506997 0.305961 9.205986 -1.271411 -0.000000 0.716882 3.177477 0.000000 0.043616 3.415972 1.555530 -3.470666 -3.506997 0.305961 9.205986 -1.271411 -0.121524 -0.547251 -0.016643 -0.211731 -0.145965 -0.081356
CCGG -0.597489 -0.313868 -0.009422 0.102628 -0.160746 0.177338 0.403634 -3.384912 -2.775757 -0.449845 9.165317 -2.208419 -0.000000 0.540995 2.711749 -0.000000 0.276538 3.051881 0.403634 -3.384912 -2.775757 -0.449845 9.165317 -2.208419 0.597489 -0.313868 -0.009422 -0.102628 -0.160746 0.177338
TCGA -0.000712 -0.901063 0.124604 0.221086 -0.122867 -0.075385 0.652230 -3.608339 -3.329356 -0.096738 9.103975 -1.914193 -0.000000 0.984480 2.774064 -0.000000 0.430115 3.378478 0.652230 -3.608339 -3.329356 -0.096738 9.103975 -1.914193 0.000712 -0.901063 0.124604 -0.221086 -0.122867 -0.075385
ACGT 0.109079 -0.829212 0.147688 0.167685 -0.117895 0.088678 1.779015 -3.348346 -3.335101 0.101085 9.322592 -1.361941 0.000000 0.710531 3.106552 0.000000 -0.117855 3.414960 1.779015 -3.348346 -3.335101 0.101085 9.322592 -1.361941 -0.109079 -0.829212 0.147688 -0.167685 -0.117895 0.088678
CCGC -0.194056 -0.747534 0.030603 0.310115 -0.151840 0.057624 0.558401 -3.897919 -4.123214 0.072318 9.054488 -1.729766 0.023570 0.520661 3.121716 0.004627 0.477741 3.304470 0.377004 -4.749137 -3.819869 -0.196987 9.099683 -1.995277 -0.232505 -0.809051 0.024364 -0.040172 -0.098737 0.095386
CCGT -0.385978 -1.145463 0.085818 0.165533 -0.129229 0.232157 1.318058 -3.897134 -4.227036 0.408403 8.989583 -1.555292 -0.057618 0.753926 2.982996 -0.261917 0.429910 3.207586 0.728158 -3.085507 -2.880570 -0.273116 9.256456 -2.275219 0.050004 -0.821536 -0.031831 -0.189309 -0.104614 0.115141
ACGC 0.549764 -0.640945 0.095918 0.241870 -0.137118 -0.151855 1.790891 -3.814721 -3.586301 0.115466 9.339990 -1.194667 -0.109571 0.525516 3.142548 -0.068031 -0.168300 3.568020 1.774807 -3.434939 -3.458548 0.101144 9.452955 -1.145422 -0.188092 -0.472189 0.128948 -0.274023 -0.157832 -0.049647
TCGT -0.251117 -0.785623 0.106668 0.083454 -0.105969 0.053642 0.883472 -3.790269 -3.210182 -0.021569 9.212366 -1.844792 -0.025732 0.466857 3.154651 0.054385 0.398322 3.304365 0.411011 -3.915664 -3.635041 0.061201 9.052426 -1.779757 -0.145270 -0.536654 0.089641 -0.178510 -0.099292 0.096423
TCGC -0.051007 -0.894321 0.095519 0.252488 -0.114020 -0.119201 0.313666 -4.050653 -3.147285 0.039611 8.954248 -2.015845 -0.294925 0.819808 3.006479 -0.298494 0.619017 3.299195 0.689665 -3.172829 -3.162449 -0.077233 9.022148 -2.225869 0.127608 -0.693532 -0.016448 -0.218708 -0.170499 0.113474
TCGG -0.054142 -1.014343 0.011363 0.243571 -0.127372 0.078976 0.142625 -3.652333 -3.546704 -0.175038 8.848723 -2.373041 0.131213 0.352028 3.121606 0.335700 0.955300 3.304802 -0.812503 -4.457635 -4.029852 0.256159 8.663733 -1.948807 0.197836 -0.572926 0.051787 -0.285907 -0.236119 0.139823
GCAA 0.190033 -0.556474 -0.030689 0.179326 -0.177004 0.079644 0.238098 -3.613794 -3.342500 -0.189651 8.954215 -2.210750 0.198604 0.384538 3.194774 0.207905 0.489567 3.268474 0.498581 -3.923198 -3.098465 -0.109169 9.174130 -1.906266 0.464057 -0.911626 0.172447 0.044818 -0.129739 0.057082
ACAA 0.789677 -0.706550 0.140642 0.291594 -0.127177 -0.078819 1.172349 -3.770359 -3.050518 -0.158569 9.240294 -1.654083 0.063176 0.518546 3.092649 -0.062000 -0.115743 3.436046 1.571029 -3.392831 -2.241442 -0.379175 9.656215 -1.569996 0.317659 -0.953810 0.198171 0.049020 -0.124892 0.032055
GCAG 0.284983 -0.728315 -0.053116 0.182449 -0.125653 -0.008102 0.861416 -4.085012 -3.044062 0.100941 8.981388 -1.844641 -0.081653 0.433060 3.231388 -0.215082 0.312668 3.335775 0.700333 -3.617939 -2.439471 -0.397426 9.357142 -2.105718 0.281128 -0.867353 0.052444 0.094215 -0.114284 0.053427
CCAA 0.103537 -0.501438 0.008366 0.207139 -0.144356 0.036808 -1.226207 -4.782453 -3.766175 0.320161 8.388786 -2.072997 -0.005166 0.027022 3.504537 -0.329983 1.176961 3.357171 -0.844475 -4.374535 -2.860291 -0.367990 8.720255 -2.513401 0.173429 -1.195313 0.035137 0.064330 -0.136099 0.023406
ACAG 0.257556 -0.699049 0.104059 0.204911 -0.118295 0.023738 1.127672 -3.875579 -3.107095 -0.013739 9.182315 -1.683991 0.046229 0.625984 3.124174 -0.181321 0.048559 3.347678 1.292128 -3.336342 -3.090992 -0.140925 9.483707 -1.634417 0.164577 -0.798111 0.100946 0.016419 -0.146707 0.042896
TCAA 0.075353 -0.664653 0.124856 0.095786 -0.146514 -0.162890 -0.063000 -4.053514 -3.270043 -0.109785 8.757816 -2.255711 -0.055602 0.695910 3.017826 -0.303717 0.726556 3.296554 -0.091299 -3.318940 -2.220598 -0.656647 9.108988 -2.590335 0.402126 -1.099346 0.126925 0.088123 -0.127985 -0.062852
GCAC 0.028028 -0.484415 0.118963 0.189372 -0.105113 -0.017414 0.696651 -3.923081 -3.160443 0.041790 9.090981 -1.769824 -0.012146 0.507409 3.104665 -0.303401 0.259677 3.336022 0.720408 -3.426853 -2.759338 -0.275235 9.347536 -2.042743 0.107856 -0.798753 0.000633 0.020524 -0.122960 0.026586
ACAT 0.636274 -0.795239 0.232273 0.244058 -0.086187 -0.081014 1.615119 -3.668090 -3.192502 0.070656 9.373362 -1.396882 0.013848 0.469155 3.319412 0.115199 -0.187185 3.475962 1.775883 -3.517103 -2.942332 -0.062421 9.496301 -1.265749 -0.110290 -0.893236 0.387920 0.078117 -0.120008 0.091598
CCAG -0.207777 -0.430886 0.026028 0.208220 -0.165203 0.060670 -0.133107 -4.028338 -3.747837 0.177925 8.745539 -1.846838 -0.092887 0.161537 3.223684 -0.269865 0.676385 3.256168 0.094725 -3.590263 -3.126800 -0.178298 8.952172 -2.142495 0.251495 -0.659736 -0.076387 0.060218 -0.134542 0.145729
GCAT 0.364966 -0.726241 -0.074814 0.214830 -0.130386 0.094146 1.719023 -3.563093 -2.703902 0.180217 9.292201 -1.648697 -0.003506 0.526065 3.386074 -0.003627 -0.113272 3.339544 1.493465 -3.413531 -2.755925 -0.154850 9.562692 -1.664651 -0.020086 -1.022555 0.202133 0.064664 -0.097814 0.124800
CCAC -0.145888 -0.603049 0.040406 0.184878 -0.183760 0.078866 1.046723 -3.686557 -3.571465 0.093305 9.053479 -1.783322 0.074487 0.425861 3.151423 -0.101625 0.329618 3.273422 0.368686 -3.670851 -2.641825 -0.308894 9.264187 -2.011969 0.116062 -0.810276 0.038039 0.044224 -0.134898 0.078271
ACAC 0.406047 -0.612672 0.068834 0.201757 -0.151634 -0.032836 1.417323 -3.638534 -3.558451 0.035575 9.219223 -1.596911 0.014512 0.444203 3.214693 -0.010094 -0.013505 3.374818 1.348895 -3.736701 -3.008962 -0.117357 9.461245 -1.563523 0.265129 -0.835344 0.139999 0.074032 -0.133349 0.092378
TCAG 0.084126 -0.993071 0.091407 0.289442 -0.176050 -0.068730 1.024032 -3.849688 -3.694254 0.230426 9.004603 -1.771212 -0.072962 0.614902 3.163596 -0.367555 0.359939 3.353409 0.606973 -3.269935 -2.767288 -0.393316 9.382569 -2.082012 -0.044405 -0.921137 -0.035172 0.097348 -0.104182 0.090838
CCAT -0.150019 -0.382177 -0.012005 0.136807 -0.165886 0.030174 0.060772 -4.446925 -3.516081 0.286859 8.855651 -1.775251 -0.112279 0.404675 3.277527 -0.291873 0.577302 3.292919 0.591783 -3.546740 -3.422683 -0.188207 9.060262 -2.119316 0.055579 -0.914878 0.129036 -0.006339 -0.140068 0.049117
TCAC -0.291480 -0.725559 0.050756 0.091893 -0.138933 0.011519 0.648306 -3.829307 -3.366844 -0.065661 8.943139 -2.002257 -0.057093 0.446401 3.182063 -0.103322 0.554722 3.248767 0.141507 -3.735402 -2.983384 -0.289802 9.009707 -2.230152 0.129741 -0.751365 -0.003358 0.124781 -0.143627 0.113899
TCAT 0.189002 -0.427063 0.052155 0.160497 -0.140182 -0.182110 1.298811 -3.253157 -3.188773 -0.006023 9.423388 -1.269430 -0.268566 0.643014 2.956508 -0.106498 -0.083366 3.370147 0.789644 -3.343627 -1.859766 -0.651107 9.608693 -2.034653 -0.002191 -1.017832 0.167242 0.025445 -0.088645 0.087133
GAAA 0.429355 -1.192249 0.029955 0.147081 -0.128945 -0.000039 1.132980 -3.328293 -3.152246 -0.146938 9.394543 -1.824863 -0.078385 -0.073080 3.256070 -0.027194 -0.183728 3.271484 1.460992 -2.782456 -2.224557 -0.443467 9.718984 -1.926585 0.367132 -1.282146 0.147162 0.092808 -0.133047 0.060131
AAAA 0.532491 -1.265251 0.167093 0.103099 -0.103092 0.141717 1.203424 -3.146379 -2.773977 -0.307482 9.514788 -1.783748 -0.027185 -0.163191 3.270262 0.004196 -0.316211 3.262753 1.774591 -2.911061 -2.484369 -0.334051 9.775336 -1.719329 0.388331 -1.351703 0.147033 0.121889 -0.124163 0.148496
CAAA 0.542428 -1.112663 0.169058 0.020080 -0.132605 0.071527 0.885668 -3.253714 -2.726394 -0.453568 9.382889 -2.046606 -0.079307 0.051697 3.137520 -0.037221 -0.132178 3.269794 1.500335 -3.035239 -2.279827 -0.549683 9.684556 -1.946395 0.539646 -1.299508 0.116689 0.122333 -0.131027 0.136444
GAAG 0.215495 -1.102834 0.046040 0.132552 -0.112567 -0.053814 1.006646 -3.200347 -2.557019 -0.470419 9.501113 -1.923683 -0.173449 0.231503 3.084088 -0.016994 -0.215848 3.191520 1.455851 -2.893379 -2.436019 -0.493936 9.673158 -1.983279 0.377843 -1.082693 0.111875 0.225813 -0.129121 0.148703
GAAC 0.190862 -1.090630 0.110975 0.053387 -0.140361 0.010973 0.949695 -3.420110 -2.898863 -0.346508 9.465072 -1.902991 -0.155715 0.046941 3.189585 0.004973 -0.155133 3.233127 1.439588 -2.863216 -2.605158 -0.290915 9.589445 -1.939404 0.391774 -1.069609 0.094276 0.144279 -0.118280 0.156210
TAAA 0.323904 -0.923063 0.198862 0.057244 -0.138279 0.034535 0.809837 -3.047795 -2.649002 -0.461256 9.436967 -2.099532 -0.074416 0.161696 2.991881 0.054170 -0.146689 3.228821 1.166166 -2.966599 -2.014398 -0.601867 9.707516 -2.148842 0.570747 -1.176981 0.255238 0.162323 -0.133025 0.133006
AAAG 0.367854 -1.277346 0.126434 0.105688 -0.128809 0.085861 1.200697 -3.093856 -2.677930 -0.332118 9.551469 -1.749573 -0.096808 -0.099199 3.240812 0.037464 -0.327086 3.258031 1.777638 -2.846369 -2.472132 -0.297311 9.751376 -1.752532 0.329673 -1.167728 0.129306 0.177493 -0.130730 0.185787
AAAC 0.548736 -1.233233 0.148057 0.114270 -0.136523 0.145604 1.179777 -3.257329 -2.413522 -0.437518 9.604719 -1.762643 -0.073576 -0.059841 3.164560 0.050985 -0.420453 3.277219 2.007981 -3.045067 -2.516450 -0.338544 9.814121 -1.597156 0.445590 -1.120536 0.146568 0.112496 -0.157281 0.147151
AAAT 0.375406 -1.371672 0.132643 0.155406 -0.142617 0.144285 1.760879 -2.983098 -2.959281 -0.175095 9.607034 -1.577553 -0.091813 -0.241662 3.284139 0.023074 -0.421130 3.272404 2.136025 -3.020509 -2.586376 -0.244307 9.756123 -1.518391 0.132218 -1.272488 0.131241 0.085987 -0.137585 0.181127
TAAC 0.233478 -1.025633 0.115178 0.063979 -0.160616 0.045143 0.587430 -3.062595 -2.374562 -0.558815 9.419863 -2.034362 -0.187818 0.024128 3.070670 0.052773 -0.189956 3.179198 1.275022 -2.688670 -2.321883 -0.443888 9.654588 -1.952760 0.619436 -1.085100 0.074464 0.157998 -0.085409 0.271809
GAAT 0.235330 -1.101347 0.057824 0.091623 -0.110145 -0.024306 1.536698 -3.306782 -3.058006 -0.027643 9.488411 -1.582181 -0.183472 0.013938 3.233316 -0.077744 -0.313003 3.262885 1.706517 -2.770442 -2.555859 -0.367753 9.727917 -1.787531 0.123875 -1.184963 0.184787 0.050608 -0.092885 0.120726
TAAG -0.072313 -0.765182 0.252088 0.036945 -0.145194 -0.071073 0.812645 -2.645891 -1.556931 -0.988209 9.702591 -2.109242 -0.158051 0.047037 2.748567 0.112026 -0.345623 3.197527 1.610399 -2.760542 -3.119403 -0.390660 9.648141 -1.771850 0.469914 -0.739549 0.217451 0.090362 -0.148567 0.075449
CAAG 0.020382 -1.022102 0.138836 0.082611 -0.142679 -0.015454 0.975441 -3.583386 -3.011498 -0.119435 9.251014 -1.805622 -0.245404 0.038080 3.180178 -0.213854 -0.069013 3.152770 0.818021 -2.932530 -2.065899 -0.663917 9.628176 -2.319705 0.442188 -0.983367 0.052166 0.243617 -0.132566 0.237975
CAAC 0.040290 -0.944002 0.082299 0.071053 -0.113203 -0.033105 0.938622 -3.576806 -2.314109 -0.359350 9.363613 -2.028771 -0.206619 0.139793 3.061524 -0.009442 -0.138397 3.137478 1.148670 -3.281162 -2.672739 -0.591215 9.541215 -2.221593 0.635296 -0.898995 0.102039 0.128996 -0.111820 0.210820
TAAT -0.031933 -1.118351 0.203935 0.097372 -0.162686 0.043857 1.286378 -3.065246 -2.313686 -0.370247 9.678424 -1.835468 -0.141207 0.084927 3.095047 0.029381 -0.325771 3.246374 1.532993 -2.859487 -2.393847 -0.471835 9.688993 -1.896303 0.043068 -1.127018 0.260451 0.114540 -0.124161 0.154527
CAAT 0.268447 -1.044205 0.192936 0.080724 -0.140275 -0.006701 1.119480 -3.570780 -2.894889 -0.172734 9.351469 -1.766027 -0.226978 0.091188 3.216731 -0.238654 -0.134354 3.235228 1.346354 -2.891414 -2.221400 -0.509918 9.657924 -2.081861 0.322805 -1.236340 0.081088 0.151594 -0.124077 0.162152
AAGA 0.363848 -1.017676 0.211401 0.176941 -0.160875 0.134352 1.087864 -3.233466 -2.570722 -0.514047 9.558687 -1.782657 -0.067062 0.266284 3.029152 0.069016 -0.279033 3.372802 1.857584 -3.077812 -2.698632 -0.107881 9.640863 -1.633618 0.220096 -1.021733 0.122984 -0.089586 -0.139466 0.059715
GAGA 0.089842 -0.894009 -0.025320 0.107142 -0.151198 0.079960 1.454436 -2.868236 -2.337239 -0.593023 9.690997 -1.773755 -0.038234 0.325073 2.838143 0.254105 -0.414599 3.318082 2.136212 -3.059959 -2.781643 -0.157435 9.628748 -1.537557 0.221933 -0.866001 0.049041 -0.139265 -0.161102 0.026290
CAGA 0.526170 -0.863499 0.045922 0.101704 -0.106544 0.224809 0.723970 -3.055589 -2.552479 -0.674896 9.466152 -2.093416 -0.100139 0.202230 2.831092 0.129261 -0.165152 3.306802 1.377880 -3.085638 -2.181935 -0.504593 9.661846 -1.963307 0.673830 -0.930267 0.059049 -0.128592 -0.166452 0.244603
GAGG -0.025365 -0.776253 -0.024245 0.168584 -0.141488 0.031268 1.310852 -3.172231 -2.830652 -0.468827 9.527670 -1.700569 -0.191810 0.321833 2.774164 0.158268 -0.297360 3.227309 1.797363 -2.934746 -3.021346 -0.256008 9.566489 -1.738185 0.451283 -0.744255 0.087753 -0.089559 -0.133477 0.210680
AAGG 0.353810 -1.010594 0.065257 0.217248 -0.116052 0.188408 1.029313 -3.359381 -2.162473 -0.661352 9.683650 -1.824072 -0.064708 0.284660 2.892156 0.137178 -0.434632 3.345164 1.946397 -3.062826 -2.965073 -0.169309 9.701312 -1.405806 0.293818 -0.635155 0.016937 -0.052950 -0.149335 0.135238
TAGA 0.024536 -0.947541 0.081855 0.005025 -0.138977 0.013768 0.708410 -3.021775 -2.016471 -0.678370 9.548927 -2.141994 -0.144131 0.455483 2.781418 0.086069 -0.082812 3.291286 1.292762 -2.878433 -2.587233 -0.435538 9.448367 -2.025098 0.244923 -0.952655 0.090518 -0.095343 -0.140726 0.033538
AAGC 0.337241 -0.783201 0.153983 0.086139 -0.149521 0.045033 1.432215 -3.249941 -3.797133 -0.035238 9.574460 -0.911531 -0.259838 0.218450 3.050127 -0.231165 -0.517082 3.441783 2.142290 -2.819297 -2.618375 -0.309170 9.801552 -1.509120 -0.139888 -0.938900 0.058999 -0.123378 -0.121418 0.069006
CAGC -0.063394 -0.962814 -0.054435 0.070177 -0.122295 0.100244 0.801137 -3.040324 -1.816288 -0.798028 9.687049 -2.214464 -0.228779 0.380366 2.785263 0.212667 -0.216017 3.174344 1.623199 -3.169088 -2.503999 -0.256722 9.491611 -1.883227 0.393901 -0.808048 -0.011461 -0.131731 -0.165018 0.239455
AAGT 0.377342 -1.193444 0.151725 0.157708 -0.138961 0.185861 2.072361 -2.902125 -2.829449 -0.245203 9.839857 -0.931682 -0.117957 0.287127 3.167657 0.145213 -0.689330 3.553349 2.748789 -3.353751 -2.776375 -0.101143 9.715533 -1.268928 -0.585361 -1.275733 0.159927 -0.167054 -0.120684 0.010335
GAGC 0.204408 -1.063281 -0.127212 0.145056 -0.135762 0.166204 1.104286 -3.167530 -2.334672 -0.724949 9.579581 -2.099439 -0.077362 0.137353 2.897123 0.447140 -0.163576 3.277437 1.713029 -3.481266 -3.276557 -0.127313 9.431670 -1.582942 0.441940 -0.784349 0.100589 -0.086980 -0.133038 0.196388
TAGG 0.047026 -0.657383 0.199272 0.043423 -0.133919 -0.007066 1.246861 -3.087729 -2.663863 -0.521860 9.545378 -1.819442 -0.199652 0.474253 2.678939 -0.077070 -0.343004 3.232660 1.891246 -2.619596 -2.728594 -0.298725 9.581495 -1.623516 0.514393 -0.532484 0.112287 -0.135501 -0.157904 0.134915
GAGT -0.131888 -0.923760 0.184220 0.060231 -0.117693 -0.005116 2.187611 -3.093333 -2.604310 -0.189765 9.709475 -1.312449 -0.086334 0.451757 2.958837 -0.098706 -0.652875 3.363219 2.403496 -2.702861 -2.966905 0.034181 9.648782 -1.263740 -0.134493 -0.812989 0.082236 -0.144663 -0.117077 0.022048
CAGG 0.110660 -0.739132 0.096948 0.071490 -0.121682 0.083593 0.740991 -3.047356 -1.917068 -0.776513 9.541094 -2.160738 -0.175407 0.295032 2.762374 0.131290 -0.214894 3.188606 1.416971 -2.917248 -2.518773 -0.342326 9.603860 -1.882487 0.657388 -0.691389 0.083782 -0.066495 -0.125297 0.255542
TAGT -0.221141 -0.839782 0.235753 0.054838 -0.126782 -0.013693 1.099872 -2.953320 -2.547188 -0.441018 9.643248 -1.548241 -0.256791 0.374277 2.879649 0.003006 -0.311220 3.294225 1.776304 -2.936261 -2.849168 -0.271497 9.504664 -1.834196 -0.139835 -1.025767 0.177400 -0.184608 -0.078256 0.122469
TAGC -0.092034 -0.697347 0.071899 0.072311 -0.144884 -0.004198 0.725238 -3.395813 -1.992042 -0.610344 9.533417 -2.037656 -0.270476 0.329176 2.895808 -0.020149 -0.199552 3.216710 1.522765 -3.015761 -2.643889 -0.254720 9.459612 -1.925189 0.382522 -0.739214 -0.005316 -0.080847 -0.139419 0.205903
CAGT 0.063268 -0.912057 0.089132 0.046598 -0.106350 0.026460 1.433617 -2.886897 -1.737257 -0.687391 9.964536 -1.645118 -0.255151 0.465346 2.828040 0.179647 -0.486067 3.326112 2.077344 -2.953998 -2.580703 -0.236131 9.622580 -1.675680 -0.017814 -1.018592 0.072311 -0.199396 -0.148007 0.115447
GGAA 0.482751 -0.731231 0.016415 -0.128053 -0.141703 0.016097 1.195406 -3.757841 -3.174180 -0.117482 9.357664 -1.640012 -0.009729 0.143926 3.261457 -0.196062 -0.172023 3.338249 1.349283 -2.894089 -2.391406 -0.394637 9.772167 -1.725341 0.343184 -1.054265 0.085497 0.114134 -0.114845 -0.009233
AGAA 0.622356 -0.953339 0.075066 -0.151766 -0.163948 0.148582 1.388778 -3.635640 -3.447132 0.015472 9.332868 -1.433272 0.060175 0.038914 3.444200 -0.223545 -0.163569 3.430275 1.416544 -3.038900 -2.785386 -0.222055 9.746448 -1.503904 0.065079 -1.221231 0.037752 0.100000 -0.140878 -0.009539
AGAT 0.344733 -1.085238 0.085362 -0.084018 -0.159320 0.120377 1.423717 -3.664933 -2.935337 0.137128 9.541649 -1.260956 -0.109966 -0.185231 3.519465 -0.078851 -0.371792 3.428419 1.573501 -3.221538 -3.028621 -0.093999 9.755418 -1.363496 -0.196662 -0.879745 0.228521 0.103206 -0.126571 0.135882
TGAA 0.192430 -0.639772 0.094237 -0.204398 -0.146190 -0.034742 0.056834 -4.121046 -3.275366 -0.007974 9.014746 -1.917991 -0.176381 0.218640 3.265086 -0.447268 0.348733 3.309317 0.365043 -2.745412 -1.989985 -0.727054 9.415802 -2.434090 0.261937 -1.191683 0.123240 0.112105 -0.110417 0.011417
AGAC 0.196233 -0.894602 0.047082 -0.092960 -0.122828 0.019204 1.304857 -3.569204 -3.077057 -0.015909 9.285680 -1.572302 -0.084279 0.090292 3.337803 -0.277923 -0.145422 3.315357 1.154666 -3.126742 -2.705773 -0.288592 9.660490 -1.786800 0.083473 -0.823490 -0.055041 0.077236 -0.099735 0.040286
AGAG 0.166820 -0.720948 0.044966 -0.122611 -0.151716 0.045302 1.297594 -3.646333 -3.031502 -0.075223 9.449463 -1.519066 -0.066694 0.149755 3.204728 -0.206257 -0.251287 3.333459 1.352195 -3.060062 -2.643297 -0.361589 9.736716 -1.764837 0.097831 -0.898960 0.047374 0.126288 -0.135708 0.081550
GGAC 0.193034 -0.826513 -0.002797 -0.167197 -0.148493 -0.060550 1.549013 -3.511797 -2.832424 -0.062898 9.449151 -1.635844 -0.188901 0.330915 3.228872 -0.232784 -0.186856 3.249576 1.206845 -3.048895 -2.281211 -0.359426 9.713058 -1.931870 0.249306 -0.938808 0.052622 0.105745 -0.138581 0.015648
CGAA 0.464805 -0.737608 0.087235 -0.227767 -0.121043 0.050900 1.275503 -3.387292 -3.258753 -0.095560 9.202713 -1.767766 -0.038166 0.207290 3.291112 -0.253931 0.038333 3.310991 1.151080 -3.068832 -2.377414 -0.462707 9.607037 -2.039412 0.341330 -1.175097 0.020299 0.093146 -0.125082 -0.005267
GGAG -0.154272 -0.769519 0.038230 -0.191329 -0.124387 -0.111101 0.978509 -3.842772 -3.285827 -0.023682 9.201144 -1.555986 -0.149430 0.085895 3.300269 -0.404792 0.070086 3.272634 0.471383 -3.067100 -2.642750 -0.479824 9.517743 -2.116375 0.031565 -0.991344 -0.072754 0.161156 -0.142024 0.035115
CGAG -0.088323 -0.672100 0.060355 -0.199695 -0.119409 -0.036560 0.491503 -4.165019 -2.968392 0.016225 9.150041 -1.756488 -0.228147 0.249558 3.205832 -0.406050 0.235733 3.274367 0.486871 -2.786982 -2.220109 -0.495474 9.292343 -2.274034 0.144755 -0.844419 -0.029564 0.108233 -0.136770 0.091456
GGAT -0.081483 -0.997182 0.105204 -0.164516 -0.134533 -0.062005 1.888690 -3.506176 -2.826803 -0.020265 9.480252 -1.513673 -0.065798 0.118547 3.364729 -0.182690 -0.239182 3.336851 1.284696 -3.200822 -2.798711 -0.300522 9.665800 -1.763118 -0.346043 -0.990076 0.177921 0.057686 -0.093733 -0.038650
TGAC -0.238073 -0.484142 0.057834 -0.168137 -0.132743 -0.153169 1.094377 -3.456922 -3.048495 -0.044784 9.243553 -1.721365 -0.211810 0.262076 3.100294 -0.428144 -0.004803 3.204718 0.746561 -2.750539 -1.820047 -0.727831 9.600446 -2.391084 0.321592 -0.654949 0.033086 0.124791 -0.124735 0.055480
TGAT -0.036285 -0.998294 0.108517 -0.294354 -0.173313 -0.075611 2.176168 -3.493258 -3.589086 0.290418 9.299938 -1.260597 -0.259451 0.212763 3.466172 -0.249374 -0.088309 3.283121 1.049165 -2.768870 -2.762061 -0.276742 9.585363 -1.897329 -0.282903 -0.961590 0.230121 0.029827 -0.081559 0.025778
TGAG -0.174762 -0.838567 0.068968 -0.113293 -0.142025 -0.074385 0.814731 -3.388534 -2.864018 -0.182475 9.322208 -1.746487 -0.227426 0.198983 3.103456 -0.360394 0.020066 3.264565 0.756895 -2.743291 -1.844609 -0.691672 9.547564 -2.257668 0.074458 -0.935360 -0.006902 0.199718 -0.118757 0.067396
CGAT -0.079540 -0.998706 0.086238 -0.161325 -0.141826 -0.035205 1.542192 -3.362705 -2.712521 -0.033266 9.410717 -1.654124 -0.165780 0.220152 3.276565 -0.139703 -0.031913 3.306511 1.055689 -2.857945 -2.842875 -0.253051 9.501488 -1.927566 -0.161897 -0.989841 0.122619 0.071779 -0.104599 0.015546
CGAC -0.005103 -1.080384 0.010872 -0.227788 -0.113470 0.062704 1.245440 -3.350570 -2.456024 -0.291257 9.319009 -2.008067 -0.171427 0.010771 3.230145 -0.211684 -0.025813 3.164601 0.998838 -2.618889 -2.686558 -0.298259 9.612954 -2.074665 0.422153 -0.703751 -0.173242 0.112293 -0.075760 0.187645
AGGA 0.559176 -0.445483 0.052863 -0.065481 -0.136884 0.137176 1.636904 -3.236836 -2.956286 -0.248745 9.632366 -1.320297 0.122892 0.330756 3.091949 -0.057965 -0.490011 3.504164 2.141336 -3.210271 -2.764939 -0.141094 9.832638 -1.176132 -0.046515 -0.758169 0.023577 -0.118407 -0.140124 -0.129098
AGGG 0.335088 -0.545362 0.081353 -0.125343 -0.132706 0.167146 1.603381 -3.368809 -2.983561 -0.148589 9.588089 -1.153569 -0.046264 0.422964 3.004546 -0.192216 -0.504883 3.398434 1.994991 -2.745105 -2.683034 -0.181432 9.776479 -1.233343 0.057591 -0.733586 0.033253 -0.106235 -0.173774 0.066198
GGGA 0.267257 -0.597238 0.069373 -0.116181 -0.157310 0.069404 1.253185 -3.580707 -3.120587 -0.114382 9.549602 -1.467540 -0.066516 0.563152 2.947871 -0.359142 -0.304733 3.343468 1.285494 -3.316446 -1.928180 -0.515389 9.871767 -1.769075 0.112309 -0.760346 0.019323 -0.085908 -0.161540 -0.057421
AGGT 0.445301 -0.827038 0.162540 -0.129321 -0.160992 0.212063 2.253429 -3.303771 -2.511185 -0.098523 9.707308 -0.750542 0.022257 0.491802 3.057904 -0.144694 -0.751630 3.538853 1.923058 -3.128159 -2.699122 -0.066966 9.932490 -0.897135 -0.545541 -0.946384 0.089488 -0.226390 -0.116854 0.003208
AGGC 0.361743 -0.770256 0.018468 -0.075398 -0.141699 0.171742 1.416907 -3.783898 -3.023391 -0.124882 9.520408 -1.435099 -0.045189 0.298767 3.211039 -0.225262 -0.289415 3.442427 1.769987 -3.059554 -3.341637 -0.022569 9.643016 -1.291060 -0.113686 -0.798524 -0.045981 -0.106411 -0.172374 0.037790
CGGG 0.368716 -0.442091 0.009214 -0.134015 -0.159854 0.183205 1.287462 -3.730976 -2.938755 -0.058604 9.406892 -1.377849 -0.144697 0.317546 3.039311 -0.276419 -0.257139 3.356116 1.621678 -2.968456 -2.959108 -0.154848 9.635047 -1.421693 0.282730 -0.713649 -0.076819 -0.157092 -0.169202 0.157854
CGGA 0.313047 -0.479787 0.073412 -0.265981 -0.172996 0.094985 0.991565 -4.655055 -1.950217 -0.258021 9.463449 -1.702158 -0.196451 0.572215 2.831798 -0.448094 -0.130955 3.290747 0.967305 -2.639848 -2.201486 -0.737301 9.716625 -2.050880 0.307244 -1.005740 0.040334 -0.274574 -0.168041 0.036440
GGGT -0.012212 -0.996621 0.051025 -0.095160 -0.199602 0.083567 2.860850 -2.859701 -3.168055 -0.294967 9.991704 -0.648369 0.096496 0.574547 2.840449 0.169848 -0.980895 3.464494 2.605054 -2.713896 -2.748412 -0.154803 9.916221 -0.807019 -0.713130 -1.100768 0.092330 -0.208474 -0.167743 -0.001764
GGGG 0.048380 -0.454826 -0.052739 -0.109769 -0.164089 -0.044272 1.414483 -3.751782 -2.891962 -0.227732 9.477977 -1.436552 -0.157783 0.486960 2.893289 -0.229777 -0.356273 3.285597 1.636314 -2.757595 -2.731399 -0.346606 9.651473 -1.615083 0.212424 -0.566756 -0.032831 -0.078388 -0.145318 0.042995
GGGC 0.043293 -0.559337 -0.133449 -0.141927 -0.197737 0.018604 1.751038 -3.347688 -2.895664 -0.004723 9.528085 -1.366279 -0.068656 0.331785 3.070564 -0.047943 -0.297500 3.377970 1.204584 -3.579070 -2.707091 -0.198963 9.638460 -1.516900 -0.098493 -0.635883 -0.006449 -0.168991 -0.173367 -0.022143
TGGA 0.199086 -0.306324 -0.007452 -0.167088 -0.143445 0.024763 -0.082622 -4.066943 -2.372616 -0.336121 9.247625 -2.065308 -0.084928 0.431488 2.936511 -0.223668 0.169591 3.315287 0.552332 -3.401889 -1.864306 -0.704997 9.482094 -2.277390 0.300630 -0.826824 0.072715 -0.151895 -0.096440 -0.029120
TGGG -0.043694 -0.529038 -0.014131 -0.205463 -0.186774 0.087148 1.733547 -3.558833 -3.008907 -0.123496 9.479378 -1.406851 -0.117285 0.353708 2.971227 -0.283383 -0.329981 3.281723 1.293814 -2.975918 -2.311516 -0.478576 9.696125 -1.824710 0.151140 -0.583382 -0.071932 -0.146048 -0.197376 0.078464
CGGT 0.444664 -0.340921 -0.014163 -0.111149 -0.129829 0.141376 1.140592 -3.246344 -2.576980 -0.329094 9.601399 -1.439620 -0.104707 0.552613 2.943613 -0.006480 -0.310571 3.471441 1.604776 -3.304833 -2.523558 -0.274481 9.686019 -1.505490 0.033544 -0.970987 0.131542 -0.196210 -0.113566 0.103257
TGGC -0.032997 -0.477391 0.013592 -0.212259 -0.165619 0.049373 0.768807 -3.751001 -2.850463 -0.172211 9.312821 -1.827151 -0.191054 0.438092 3.006192 -0.448482 0.023740 3.300467 0.891099 -2.991859 -2.141088 -0.622079 9.557513 -2.202959 0.097810 -0.626095 -0.116178 -0.125212 -0.120192 0.095317
CGGC 0.046037 -0.796297 0.056476 -0.157280 -0.128046 0.111740 0.891812 -3.280474 -2.284997 -0.513131 9.673202 -1.728679 -0.088889 0.356816 2.993118 0.027352 -0.233315 3.335696 1.385555 -2.988531 -2.632814 -0.152238 9.567178 -1.696836 -0.045405 -0.663109 -0.029959 -0.143124 -0.136522 0.090480
TGGT 0.076147 -0.700418 0.092595 -0.146556 -0.173583 0.019166 1.732729 -2.976082 -2.065657 -0.550639 9.918193 -1.424370 -0.058006 0.599597 2.863289 0.032734 -0.610367 3.414351 2.231647 -2.992835 -2.958877 -0.169611 9.779441 -1.190361 -0.373222 -0.944270 0.166585 -0.171184 -0.123573 -0.055646
AGCT 0.279612 -0.950332 0.040402 -0.157094 -0.136380 0.187807 1.339434 -3.185561 -2.876739 -0.194394 9.751564 -1.247316 -0.000000 0.084248 3.247249 -0.000000 -0.484461 3.455287 1.339434 -3.185561 -2.876739 -0.194394 9.751564 -1.247316 -0.279612 -0.950332 0.040402 0.157094 -0.136380 0.187807
TGCA -0.251741 -0.569929 -0.019611 -0.186370 -0.135700 0.046949 0.610163 -2.817846 -1.982739 -0.693078 9.559421 -2.193037 -0.000000 0.159921 2.858003 -0.000000 -0.090342 3.188181 0.610163 -2.817846 -1.982739 -0.693078 9.559421 -2.193037 0.251741 -0.569929 -0.019611 0.186370 -0.135700 0.046949
CGCG -0.054909 -0.615744 -0.035335 -0.116198 -0.145943 0.090181 0.623154 -2.985874 -2.103121 -0.644546 9.730717 -1.946983 -0.000000 0.182888 2.873392 0.000000 -0.223820 3.288840 0.623154 -2.985874 -2.103121 -0.644546 9.730717 -1.946983 0.054909 -0.615744 -0.035335 0.116198 -0.145943 0.090181
GGCC -0.087747 -0.623646 -0.054586 -0.102399 -0.133225 -0.012080 1.657501 -3.331948 -2.801722 -0.350469 9.678703 -1.653864 -0.000000 0.256353 3.043623 0.000000 -0.426142 3.260303 1.657501 -3.331948 -2.801722 -0.350469 9.678703 -1.653864 0.087747 -0.623646 -0.054586 0.102399 -0.133225 -0.012080
CGCC -0.346282 -0.466720 0.032538 -0.209735 -0.137089 -0.161260 2.162937 -3.024784 -2.972526 0.131664 9.610176 -1.121065 -0.263280 0.442407 2.994476 -0.357424 -0.545975 3.244317 1.742758 -2.288842 -2.687992 -0.428830 9.623000 -1.644100 -0.000996 -0.780430 0.034786 0.200338 -0.144385 0.065543
TGCG -0.398486 -0.699452 -0.090288 -0.200116 -0.148185 0.107781 0.894887 -2.439070 -1.457289 -0.853128 10.026858 -2.127171 0.116983 0.284349 2.862399 0.213618 -0.391805 3.254276 1.123685 -2.948659 -1.766439 -0.528591 9.829039 -1.999787 -0.127783 -0.415046 -0.061411 0.260041 -0.183587 -0.014204
TGCC -0.201227 -0.488597 0.009534 -0.188461 -0.149568 -0.038826 0.974946 -3.429146 -2.376724 -0.404485 9.663180 -1.813107 -0.062270 0.155100 2.985134 -0.189901 -0.284806 3.232211 0.909063 -2.901289 -2.338400 -0.618697 9.695487 -1.893094 0.095871 -0.698004 -0.000838 0.127568 -0.162057 0.008368
GGCT 0.000224 -0.685649 -0.103499 -0.136992 -0.154785 0.038082 1.215340 -2.465593 -1.900653 -0.583002 9.907026 -1.514090 -0.003675 0.231339 3.044386 0.302719 -0.504771 3.322733 1.507631 -3.229784 -2.792213 -0.179642 9.713021 -1.436835 -0.114950 -0.766622 0.039416 0.161326 -0.128886 0.063491
CGCT -0.122221 -0.650313 0.077549 -0.241625 -0.176897 0.020831 1.988324 -3.179221 -2.443570 -0.185659 9.860900 -1.388890 -0.131366 0.071433 3.203713 -0.080942 -0.452345 3.411447 1.363758 -3.159550 -2.989244 -0.195564 9.730040 -1.514868 -0.379779 -0.526386 -0.022158 0.078830 -0.125430 0.196914
TGCT -0.329142 -0.766780 -0.025974 -0.253470 -0.125640 -0.002435 1.086380 -2.650445 -1.969545 -0.667372 9.962102 -1.762343 -0.110966 0.218448 3.020008 0.263932 -0.363199 3.245273 1.269529 -3.163596 -2.642241 -0.261647 9.590022 -1.755869 -0.040803 -0.823488 0.042192 0.092992 -0.116985 0.127642
CATG -0.130335 -0.984408 0.204273 0.038507 -0.122285 0.032325 0.999712 -2.737375 -1.335800 -0.952514 9.828251 -2.271721 0.000000 0.200291 2.642209 -0.000000 -0.496729 3.222328 0.999712 -2.737375 -1.335800 -0.952514 9.828251 -2.271721 0.130335 -0.984408 0.204273 -0.038507 -0.122285 0.032325
TATA -0.310634 -0.624037 0.247195 0.040428 -0.136010 0.089665 1.474618 -2.628135 -2.021398 -0.797855 9.866590 -1.800157 -0.000000 0.079732 2.577941 -0.000000 -0.704229 3.183064 1.474618 -2.628135 -2.021398 -0.797855 9.866590 -1.800157 0.310634 -0.624037 0.247195 -0.040428 -0.136010 0.089665
GATC -0.158342 -1.025611 0.169001 0.036228 -0.093024 -0.013620 1.340166 -2.605985 -1.935731 -0.736573 9.920312 -1.975398 0.000000 0.144786 2.699062 0.000000 -0.577288 3.207888 1.340166 -2.605985 -1.935731 -0.736573 9.920312 -1.975398 0.158342 -1.025611 0.169001 -0.036228 -0.093024 -0.013620
AATT 0.100045 -1.331573 0.153146 0.054824 -0.131624 0.163108 1.844169 -2.683613 -2.219974 -0.598183 9.998260 -1.625584 0.000000 -0.195864 2.955356 -0.000000 -0.740107 3.298903 1.844169 -2.683613 -2.219974 -0.598183 9.998260 -1.625584 -0.100045 -1.331573 0.153146 -0.054824 -0.131624 0.163108
CATA -0.314921 -0.860437 0.177417 0.024621 -0.103118 0.009791 1.930913 -2.441353 -2.760768 -0.532156 9.700606 -1.694427 0.038809 0.200566 2.535132 0.015726 -0.669636 3.148135 1.212229 -1.772340 -1.035390 -1.059327 9.877289 -1.889715 0.407868 -0.676297 0.344313 0.004356 -0.074587 -0.001272
GATT -0.312174 -1.053940 0.237750 0.162448 -0.088040 0.012029 1.571071 -2.743099 -1.855939 -0.722054 10.002192 -1.864300 -0.028951 -0.003347 2.739811 -0.069127 -0.733364 3.239550 1.840907 -2.617741 -2.255728 -0.620400 9.858335 -1.706177 -0.125032 -1.005245 0.144314 -0.060567 -0.087869 0.061128
CATC -0.001421 -1.011135 0.183830 0.055393 -0.105182 0.107918 1.045699 -2.522592 -1.377154 -1.006825 9.938316 -2.204009 0.030020 0.043932 2.668664 0.140298 -0.631415 3.181227 1.524032 -2.618934 -1.698829 -0.800479 9.948663 -1.946894 0.351363 -0.989188 0.257381 -0.012182 -0.082223 0.033086
TATC -0.340209 -0.652039 0.117347 0.034200 -0.105888 0.012057 1.640568 -2.633063 -1.672146 -0.799027 9.962154 -1.856184 -0.036361 0.036232 2.741549 0.001117 -0.772702 3.220052 2.125274 -2.589098 -2.442546 -0.443753 9.783382 -1.568447 0.132523 -0.754277 0.091029 -0.009129 -0.105095 0.049795
TATT -0.408205 -0.871126 0.220570 0.031572 -0.124869 0.035236 1.847986 -2.781872 -2.179096 -0.575008 9.997814 -1.627997 -0.130640 -0.145838 2.842884 -0.185750 -0.681460 3.250781 1.254881 -2.673267 -1.896200 -0.763056 9.844914 -1.923562 -0.283812 -1.158933 0.131290 -0.131474 -0.123555 0.210917
CATT -0.068803 -0.976592 0.227623 0.042267 -0.116498 0.080249 1.732104 -2.511208 -2.226852 -0.622298 9.981963 -1.661119 -0.052735 -0.035262 2.816743 -0.007363 -0.718342 3.270427 1.511890 -2.933138 -2.110675 -0.553496 9.957532 -1.801949 -0.008713 -1.234733 0.189304 -0.155325 -0.117284 0.199174
AACC 0.461928 -1.144647 0.055343 0.157822 -0.111043 0.192567 0.899876 -2.563385 -1.838793 -0.713778 10.049876 -1.738904 0.015568 0.027186 3.005498 0.392496 -0.776923 3.294931 2.530621 -2.918977 -2.591320 -0.260314 9.849636 -1.294569 0.430218 -1.048705 0.129038 0.240940 -0.111852 0.032760
GACA 0.065405 -0.784925 0.021047 0.038493 -0.124537 0.069523 0.765672 -2.265461 -1.425469 -1.081867 9.918384 -2.188516 0.084069 0.206179 2.781985 0.364818 -0.529321 3.180300 1.708903 -2.834449 -2.280081 -0.501254 9.838788 -1.770709 0.560668 -0.755744 0.055568 0.293953 -0.141782 -0.057587
AACG 0.318782 -1.046529 0.101808 0.134460 -0.117746 0.158989 1.406893 -2.934531 -2.163575 -0.650439 9.976661 -1.590185 -0.013413 0.026885 2.997836 0.148611 -0.728198 3.350073 2.465918 -3.046638 -2.698581 -0.333048 9.835223 -1.316964 0.116650 -0.950582 0.108676 0.143751 -0.147886 0.075117
GACG 0.195246 -0.628042 0.068863 0.106552 -0.125944 0.031437 1.081493 -2.000745 -1.530670 -0.906523 9.894583 -1.942822 0.118640 0.095746 2.742387 0.342853 -0.641697 3.251158 2.067434 -2.809290 -2.075954 -0.446099 9.926520 -1.598895 0.567524 -0.756979 0.090422 0.205377 -0.126498 -0.104868
AACA 0.467666 -1.027916 0.124989 0.155996 -0.139520 0.176510 1.140177 -2.480034 -1.877822 -0.726159 9.899815 -1.875489 0.091185 0.019877 2.958430 0.392937 -0.633456 3.317682 2.199557 -3.001875 -2.591493 -0.316880 9.832687 -1.414697 0.459559 -0.830171 0.212401 0.226716 -0.111631 -0.014020
CACG -0.101358 -0.863690 0.068300 0.042860 -0.126290 0.068300 1.177296 -2.592859 -2.209224 -0.579067 9.931919 -1.868440 -0.045597 0.218549 2.794079 -0.022616 -0.527374 3.282424 1.633690 -2.666634 -1.817718 -0.668447 9.859632 -1.872461 0.082156 -0.778470 0.005905 0.195675 -0.135088 0.093178
CACA 0.121953 -0.693698 0.001558 0.061760 -0.149535 0.149141 0.718329 -2.306247 -1.449289 -1.073026 9.880436 -2.145586 0.093299 0.060673 2.686113 0.380860 -0.574641 3.235376 1.686711 -3.236886 -1.966455 -0.686751 9.837573 -1.776029 0.534987 -0.522360 0.107489 0.157992 -0.100983 -0.024919
TACA -0.031343 -0.567841 0.117908 0.044967 -0.144093 -0.008803 0.735189 -2.712730 -1.965203 -0.850138 9.753067 -2.133362 0.009336 0.215426 2.766367 0.096078 -0.475287 3.153470 1.641988 -2.751269 -1.924438 -0.684115 9.771491 -1.932527 0.626241 -0.714673 0.090230 0.255685 -0.153795 -0.097417
GACC 0.406457 -0.867536 0.081116 0.086904 -0.129037 0.064163 1.579602 -2.332328 -2.409460 -0.545692 10.005948 -1.558495 0.008267 0.207310 2.886173 0.395196 -0.836295 3.217058 2.909423 -2.787555 -2.783839 -0.138284 9.780759 -1.011217 0.689765 -1.043289 0.151034 0.216608 -0.136804 -0.067606
TACC -0.199148 -0.717326 0.035482 0.083689 -0.125966 0.060394 0.799725 -2.430730 -2.026399 -0.715207 9.807980 -1.974537 -0.016156 0.015938 2.829069 0.104543 -0.444958 3.241358 1.549569 -2.806066 -2.164218 -0.533135 9.693855 -1.754361 0.249670 -0.848790 0.063856 0.191067 -0.089773 0.034564
CACC 0.303227 -0.844441 0.012593 0.096396 -0.144636 0.087583 1.202660 -2.516208 -1.891315 -0.802761 9.969838 -1.837566 0.005083 0.224339 2.816627 0.299917 -0.705290 3.306407 2.309940 -2.939377 -2.246191 -0.447768 9.861922 -1.473077 0.388877 -0.823492 0.028540 0.196881 -0.158753 -0.011478
TACG -0.081678 -0.744413 0.142231 0.060402 -0.114702 0.116125 1.057562 -2.649705 -1.856373 -0.762783 9.573289 -2.051386 0.132860 0.195820 2.752506 0.067506 -0.511196 3.179372 1.643590 -2.824431 -2.976875 -0.192633 9.489814 -1.394952 0.664572 -0.561128 0.035833 0.194155 -0.121742 -0.083195
GACT 0.036655 -0.980607 0.009736 0.128671 -0.124276 0.000295 1.184575 -2.357448 -1.890895 -0.712526 10.044893 -1.656169 -0.044573 0.239653 2.938455 0.480381 -0.642396 3.264970 2.291191 -2.964080 -2.510898 -0.207985 9.713347 -1.495514 0.103195 -0.931665 0.136757 0.216849 -0.135224 0.061424
AACT 0.660376 -1.121750 0.088358 0.126916 -0.109711 0.204222 1.083080 -2.069770 -1.818450 -0.771050 10.108852 -1.548252 0.027843 0.056876 2.994574 0.384792 -0.857688 3.379800 2.460337 -3.024595 -2.421710 -0.338872 9.932265 -1.278605 0.298758 -1.309313 0.195764 0.182654 -0.127291 0.071765
TACT -0.029669 -0.578878 0.156825 0.028323 -0.115256 -0.042827 1.300307 -2.719902 -2.175123 -0.378202 9.917201 -1.522728 -0.185027 0.184278 2.889027 -0.225885 -0.693336 3.262962 1.902338 -2.656874 -2.299586 -0.506925 9.886220 -1.581474 0.155584 -0.921413 0.021341 0.144073 -0.132950 0.104560
CACT 0.313108 -0.844745 0.096557 0.064551 -0.122071 0.076184 0.965625 -2.259890 -1.766597 -0.803527 9.964043 -1.821393 -0.025193 0.133437 2.852687 0.266303 -0.668097 3.305682 1.897676 -2.894930 -2.000263 -0.550950 9.912894 -1.715386 0.371035 -0.987420 0.123154 0.163557 -0.092631 0.039540
