ATAT 0.212179 -0.506280 0.186379 -0.110151 -0.124357 -0.049226 2.508119 -3.038906 -3.468556 0.136038 9.409321 -0.824193 0.000000 1.055378 2.974236 -0.000055 -0.583491 3.435799 2.508119 -3.038906 -3.468556 0.136038 9.409321 -0.824193 -0.212179 -0.506280 0.186379 0.110124 -0.124222 -0.048911
TTAA -0.003729 -0.911963 0.078863 -0.076863 -0.085792 -0.113675 -1.026834 -4.422973 -3.567803 -0.173174 8.727953 -2.154262 0.000000 -0.283408 3.423584 0.000047 1.054024 3.445650 -1.026834 -4.422973 -3.567803 -0.173174 8.727953 -2.154262 0.003729 -0.911963 0.078863 0.076909 -0.085681 -0.114369
CTAG 0.010757 -0.897842 -0.001137 -0.116799 -0.149934 -0.056990 -0.432536 -4.421432 -3.640305 0.019370 8.614403 -2.142485 -0.000000 0.017191 3.631445 0.000002 1.036307 3.386955 -0.432536 -4.421432 -3.640305 0.019370 8.614403 -2.142485 -0.010757 -0.897842 -0.001137 0.116820 -0.149990 -0.057325
GTAC 0.177792 -1.077206 0.052413 -0.047616 -0.126706 0.012475 -0.656806 -4.634929 -3.114091 -0.207030 8.819015 -2.051151 -0.000000 -0.018568 3.532502 0.000003 0.869601 3.444949 -0.656806 -4.634929 -3.114091 -0.207030 8.819015 -2.051151 -0.177792 -1.077206 0.052413 0.047606 -0.126750 0.012898
ATAC 0.245571 -0.728347 0.178702 -0.002426 -0.138712 -0.027258 1.602599 -4.120200 -3.256532 -0.043287 9.359438 -1.346011 -0.071453 0.297542 3.339634 -0.121449 -0.147964 3.441782 1.621694 -3.560927 -3.363542 0.014537 9.392503 -1.362849 -0.265013 -0.629146 0.087922 0.039201 -0.139655 -0.017732
GTAG 0.149840 -0.948982 -0.096154 -0.149080 -0.141855 0.155770 -0.154976 -4.581246 -3.614343 0.163159 8.651983 -1.822653 0.062400 -0.016909 3.674649 -0.114658 0.825806 3.454953 -0.264265 -4.238845 -3.573434 -0.001924 8.724103 -1.881075 -0.266245 -1.101488 -0.026329 0.010622 -0.157046 -0.037406
TTAG -0.280243 -1.155004 0.249642 -0.121162 -0.174884 0.092846 0.793718 -3.658935 -2.718921 -0.082271 9.149150 -1.915499 -0.037464 0.293421 3.428528 -0.043541 0.417555 3.322582 0.427747 -3.689858 -3.404837 0.005635 9.048542 -1.920921 -0.250856 -0.617571 0.062962 0.198995 -0.175441 0.026592
CTAT -0.005331 -0.658729 0.140501 -0.090063 -0.143836 0.012754 1.182199 -3.921000 -2.918379 0.011711 9.077060 -1.544392 -0.053421 0.551390 3.328833 0.126357 0.252877 3.516408 0.589636 -3.916171 -2.895094 -0.052768 8.946250 -1.773457 -0.501878 -0.524513 0.240627 0.026939 -0.108167 0.009763
TTAC -0.121039 -0.670661 0.036805 -0.085820 -0.146795 0.042792 1.002081 -3.786400 -3.042453 -0.091908 9.269289 -1.697691 0.021384 0.395694 3.361076 0.039106 0.224003 3.354861 0.867111 -4.181594 -3.662824 -0.033061 9.111352 -1.659527 -0.295471 -0.498934 0.003479 0.079063 -0.142509 0.020658
TTAT -0.089250 -0.796501 0.099953 -0.119224 -0.133862 -0.055078 0.695320 -3.690957 -3.152082 0.035154 8.843802 -1.670327 -0.089545 0.182916 3.313177 0.074163 0.392417 3.304395 0.473240 -3.656166 -3.427936 0.020114 8.707846 -1.749188 -0.206012 -0.629499 0.180322 0.066983 -0.110607 0.043072
GCGC 0.129231 -0.360704 -0.002700 0.182965 -0.144897 -0.066756 1.417669 -4.114956 -3.916453 0.084083 9.264882 -1.299316 0.000000 0.601648 3.039388 -0.000149 -0.018644 3.395952 1.417669 -4.114956 -3.916453 0.084083 9.264882 -1.299316 -0.129231 -0.360704 -0.002700 -0.182982 -0.144792 -0.066849
CCGG -0.270861 -0.237308 0.037741 0.108852 -0.138260 0.101165 0.705747 -3.678169 -2.889505 -0.232162 9.295447 -1.833412 -0.000000 0.606198 2.846955 -0.000014 0.142319 3.163331 0.705747 -3.678169 -2.889505 -0.232162 9.295447 -1.833412 0.270861 -0.237308 0.037741 -0.108864 -0.138294 0.101883
TCGA -0.025747 -0.774269 0.153384 0.138595 -0.049136 0.015691 0.345813 -3.815909 -3.464607 -0.151316 8.973276 -2.018662 -0.000000 0.561269 2.961226 -0.000000 0.572067 3.409255 0.345813 -3.815909 -3.464607 -0.151316 8.973276 -2.018662 0.025747 -0.774269 0.153384 -0.138560 -0.049166 0.015184
ACGT 0.088193 -0.486008 0.078017 0.138713 -0.134802 0.051020 1.136096 -3.858220 -3.482017 0.049427 9.264351 -1.510797 -0.000000 0.542092 3.160372 -0.000002 0.084997 3.371708 1.136096 -3.858220 -3.482017 0.049427 9.264351 -1.510797 -0.088193 -0.486008 0.078017 -0.138717 -0.134778 0.050842
CCGC -0.252410 -0.165497 -0.055252 0.061038 -0.153294 -0.022862 0.719636 -4.017771 -3.417996 -0.155160 9.283824 -1.902480 0.012983 0.716978 2.922689 0.086396 0.270121 3.252621 0.683127 -4.033086 -3.270045 -0.147759 9.152631 -1.854898 -0.005647 -0.241362 0.039151 -0.101184 -0.142402 -0.034168
CCGT -0.196464 -0.835904 0.127202 0.155022 -0.098340 0.239463 0.974951 -3.692428 -3.731840 0.191232 9.090423 -1.710105 0.003825 0.635660 3.026098 -0.128154 0.376183 3.295883 0.791984 -3.485588 -3.239560 -0.107818 9.198282 -1.970001 -0.000924 -0.728680 0.050989 -0.128025 -0.087175 0.103701
ACGC 0.013504 -0.567532 0.017316 0.138202 -0.160942 -0.040055 1.292790 -4.119810 -3.426100 0.030864 9.291675 -1.465729 -0.071651 0.575818 3.089527 -0.090992 0.084394 3.426785 0.826388 -3.847341 -3.419580 -0.113546 9.263541 -1.609715 -0.343867 -0.382941 0.046192 -0.197937 -0.171741 -0.092163
TCGT 0.057458 -0.551532 0.035716 0.102443 -0.136277 0.020515 0.835240 -4.041198 -3.250789 -0.121599 9.030614 -1.982547 -0.002779 0.370231 3.132592 0.065257 0.459377 3.352130 0.053072 -3.804935 -2.930488 -0.124648 9.056423 -1.869949 0.098201 -0.577533 0.044703 -0.101800 -0.125221 0.110071
TCGC 0.008198 -0.800134 0.069275 0.223370 -0.105143 -0.089181 0.431687 -4.238236 -3.232183 -0.031667 9.068999 -1.904659 -0.210216 0.648026 3.015773 -0.197407 0.490222 3.341788 0.512500 -3.465325 -3.224371 -0.105575 9.115659 -2.022200 0.039326 -0.588327 0.006775 -0.157185 -0.147786 0.063379
TCGG 0.064928 -0.975599 0.077951 0.224693 -0.127089 0.018939 -0.629960 -4.314173 -3.428227 -0.163219 8.726149 -2.326431 0.030259 0.230399 3.200617 0.160312 1.098221 3.400122 -1.114161 -4.564346 -3.602923 0.127689 8.613596 -2.042275 0.047683 -0.621188 0.049232 -0.259038 -0.189498 0.124580
GCAA 0.218132 -0.473232 -0.037658 0.175376 -0.156874 0.069026 0.550810 -3.664890 -3.401499 -0.095442 8.999546 -1.956828 0.127993 0.380341 3.196155 0.117199 0.340221 3.287859 0.712385 -4.014360 -3.125365 -0.117352 9.236800 -1.807722 0.375807 -0.838723 0.126619 0.062674 -0.145251 0.072335
ACAA 0.492512 -0.538425 0.158540 0.294678 -0.116338 0.001999 0.881027 -4.075440 -3.396607 -0.057215 9.104014 -1.662377 0.083243 0.400684 3.148796 -0.091022 0.007041 3.368926 1.242735 -3.647024 -2.571582 -0.245300 9.463171 -1.565282 0.285741 -0.798635 0.169795 0.060278 -0.127497 0.039784
GCAG 0.200764 -0.602916 -0.049473 0.193675 -0.135731 0.023681 0.691723 -4.202896 -3.465185 0.104541 8.938074 -1.796550 -0.035707 0.353233 3.251172 -0.183698 0.358889 3.328643 0.576849 -3.938948 -2.797152 -0.296785 9.288643 -1.954781 0.214876 -0.742652 0.016651 0.092376 -0.104193 0.053250
CCAA 0.185637 -0.293435 0.114848 0.156626 -0.139144 -0.034209 0.253860 -4.235149 -3.347026 -0.086997 9.006965 -1.919673 0.056611 0.695784 3.060550 -0.300235 0.390286 3.330804 0.410435 -4.043430 -2.557664 -0.499406 9.337133 -2.073174 0.130855 -0.757940 0.018640 0.147561 -0.168092 -0.029850
ACAG 0.136904 -0.489481 0.064896 0.163871 -0.141260 0.009678 0.900577 -4.165679 -3.548316 0.062165 9.090162 -1.530552 -0.037500 0.558904 3.186601 -0.184879 0.166017 3.372405 1.012309 -3.711738 -3.400332 -0.104103 9.266797 -1.657809 -0.059385 -0.564206 0.031401 0.030513 -0.139163 0.023841
TCAA -0.034808 -0.664931 0.090195 0.147830 -0.130917 0.002478 -0.585884 -4.224533 -3.247448 -0.101763 8.755406 -2.071981 -0.028396 0.292936 3.200127 -0.171915 0.881329 3.405606 -0.698380 -4.106040 -2.697403 -0.395725 8.898907 -2.333034 -0.058563 -0.891481 0.093469 0.071911 -0.139299 -0.086502
GCAC -0.051502 -0.289403 0.032653 0.140136 -0.151976 -0.036222 1.037774 -4.251667 -3.478854 0.083318 9.173024 -1.538303 -0.040613 0.678617 3.103922 -0.309866 0.151719 3.327737 0.854450 -3.880020 -3.205626 -0.276052 9.305599 -1.860421 -0.119811 -0.414503 -0.075776 0.067232 -0.177783 -0.064825
ACAT 0.269906 -0.679435 0.127573 0.207078 -0.075716 0.065910 1.694036 -4.029290 -3.523109 0.087823 9.277821 -1.351130 0.032925 0.357339 3.323936 -0.121775 -0.094525 3.411743 1.490825 -3.546512 -3.128787 -0.052349 9.453372 -1.350378 -0.256731 -0.802816 0.123279 0.065795 -0.111562 0.059026
CCAG 0.095156 -0.425377 0.097623 0.198402 -0.139755 0.072833 -0.734675 -4.595274 -3.501769 0.070579 8.673884 -1.976828 -0.039619 0.034096 3.356124 -0.265180 0.859376 3.392642 -0.279426 -4.038989 -3.689131 -0.045885 8.872000 -1.952564 0.129094 -0.762128 -0.085465 0.079196 -0.163766 0.226804
GCAT 0.274919 -0.611683 -0.011948 0.207520 -0.114832 0.093018 1.609254 -3.666228 -2.913104 0.137047 9.296435 -1.582864 0.014068 0.496633 3.297478 -0.070463 -0.101238 3.350079 1.405124 -3.630895 -2.820070 -0.174850 9.531757 -1.646937 -0.049093 -0.878723 0.146677 0.049393 -0.092365 0.057119
CCAC -0.083289 -0.572372 0.031252 0.148992 -0.170510 0.068855 1.114578 -3.833381 -3.750852 0.066706 9.072980 -1.687491 0.033895 0.489435 3.107608 -0.143945 0.259288 3.308845 0.583413 -3.671094 -2.881016 -0.316343 9.298005 -1.939185 0.059466 -0.691043 0.001603 0.052050 -0.130078 0.098412
ACAC 0.280996 -0.633633 0.073040 0.116009 -0.102722 0.034892 0.753308 -4.039696 -3.196678 -0.110954 9.041224 -1.698849 -0.027029 0.407299 3.245203 0.019618 0.172388 3.367906 1.028877 -4.018268 -3.327003 -0.072980 9.068470 -1.669698 0.135614 -0.667314 0.088882 0.040739 -0.133775 0.076856
TCAG 0.019435 -0.858108 0.069503 0.229841 -0.177005 -0.042171 0.330809 -4.310707 -3.681059 0.266993 8.818517 -1.852014 -0.081703 0.468873 3.300819 -0.366703 0.651297 3.374794 -0.010224 -3.825684 -3.026170 -0.323150 9.118058 -2.154790 -0.134625 -0.834124 -0.042295 0.103832 -0.125373 0.014534
CCAT -0.066952 -0.386214 0.030727 0.097844 -0.139298 0.007194 0.147990 -4.482944 -3.353772 0.191723 8.914731 -1.726979 -0.120089 0.407311 3.236963 -0.300968 0.531986 3.322494 0.602947 -3.605471 -3.397013 -0.251947 9.079095 -2.066987 0.025144 -0.834711 0.112229 0.017243 -0.136536 0.037479
TCAC -0.143203 -0.644062 0.049886 0.103680 -0.140421 0.050648 0.720364 -4.088401 -3.532882 -0.042392 9.012156 -1.863828 -0.072954 0.526879 3.199965 -0.159364 0.508376 3.383760 0.406101 -3.768320 -3.172347 -0.143330 9.060157 -2.012038 -0.093637 -0.646020 -0.052277 0.142341 -0.151855 0.117496
TCAT 0.073937 -0.477604 0.072775 0.154388 -0.125853 -0.118728 1.053371 -3.610833 -3.190080 -0.016209 9.277026 -1.449996 -0.187834 0.546879 3.032414 -0.116572 0.087090 3.366013 0.369092 -3.537777 -2.026200 -0.493879 9.434503 -1.971006 -0.065243 -0.873482 0.168664 0.034954 -0.095063 0.072419
GAAA 0.246881 -1.078875 0.026865 0.133508 -0.145153 -0.077317 0.951659 -3.574080 -3.086032 -0.212592 9.313420 -1.815744 -0.096625 0.011376 3.233637 -0.056931 -0.105944 3.273094 1.153541 -3.214638 -2.476315 -0.468562 9.582767 -1.993047 0.225078 -1.158977 0.107172 0.139164 -0.127969 -0.014992
AAAA 0.083582 -1.023941 0.135300 0.116871 -0.132938 -0.111540 1.096916 -3.950006 -3.121732 -0.234130 9.366426 -1.671346 -0.110666 0.055957 3.236171 -0.125139 -0.112367 3.303280 1.064836 -3.396032 -2.760588 -0.419440 9.523056 -1.923751 -0.041094 -1.054583 0.151213 0.110263 -0.132160 -0.110530
CAAA 0.414978 -0.930738 0.148140 0.047760 -0.123205 0.073696 1.089728 -3.691527 -3.027377 -0.310630 9.314801 -1.801467 -0.092640 0.105637 3.125986 -0.161029 -0.153400 3.293231 1.201390 -3.117295 -2.023051 -0.615211 9.693402 -1.960537 0.379571 -1.131159 0.105296 0.141724 -0.106680 0.082728
GAAG 0.070612 -0.915734 0.014088 0.106181 -0.111647 -0.052329 1.130455 -3.431448 -2.506981 -0.384811 9.489801 -1.826778 -0.158492 0.238294 3.086954 -0.055807 -0.232111 3.244639 1.333383 -2.974973 -2.653756 -0.398138 9.608466 -1.892586 0.206788 -0.907004 0.072793 0.166745 -0.127825 0.057416
GAAC 0.094096 -0.919323 0.040296 0.070312 -0.140726 -0.013928 1.140570 -3.507149 -3.112587 -0.203215 9.443398 -1.700561 -0.147547 0.096535 3.147255 -0.063566 -0.146213 3.277466 1.318815 -2.960193 -2.756583 -0.349378 9.575115 -1.893906 0.212891 -0.912188 0.043342 0.123305 -0.129349 0.077528
TAAA 0.298449 -1.156387 0.030746 0.049479 -0.074305 -0.040479 0.922235 -3.311145 -3.280227 -0.313844 9.368933 -1.833468 -0.163552 -0.040560 3.150869 0.111101 -0.019799 3.280918 0.784514 -3.422098 -2.629004 -0.531543 9.468113 -2.131315 0.365524 -1.159771 0.130664 0.136741 -0.116991 0.078249
AAAG 0.231026 -1.170066 0.124712 0.123230 -0.107273 0.000864 0.982740 -3.367719 -2.662075 -0.292743 9.429464 -1.792879 -0.090870 0.029407 3.167880 -0.015961 -0.186877 3.271864 1.428271 -3.027998 -2.632312 -0.308210 9.607762 -1.835501 0.212018 -1.046976 0.121090 0.158082 -0.107028 0.047971
AAAC 0.180076 -1.133412 0.114066 0.070993 -0.109750 0.094912 1.318529 -3.640436 -2.631885 -0.201817 9.504120 -1.463623 -0.173866 0.008927 3.255832 -0.145723 -0.280519 3.315198 1.474835 -2.943628 -2.547512 -0.332685 9.601197 -1.765432 -0.010832 -0.998610 0.095623 0.091069 -0.158743 0.048799
AAAT 0.241538 -1.318128 0.116472 0.152205 -0.133485 0.069433 1.550940 -3.306826 -3.000777 -0.172970 9.540342 -1.558864 -0.115755 -0.138763 3.260591 -0.030623 -0.332229 3.285802 1.699730 -3.200194 -2.533349 -0.325645 9.681832 -1.646130 0.014656 -1.138802 0.144567 0.077464 -0.121189 0.090846
TAAC -0.048222 -0.859077 0.148832 0.115040 -0.121250 -0.107680 0.352262 -4.303326 -2.706239 -0.197883 9.255106 -1.702223 -0.306162 0.016188 3.119304 -0.389471 0.099626 3.280498 0.641048 -3.279734 -1.906996 -0.615356 9.371902 -2.250411 0.042260 -1.072604 0.021401 0.064586 -0.100381 0.018759
GAAT 0.045454 -1.033884 0.026646 0.067768 -0.147496 -0.099352 1.219732 -3.754714 -3.056206 -0.074634 9.449452 -1.652363 -0.165276 0.021021 3.264286 -0.084164 -0.148468 3.299711 1.038601 -3.434999 -2.671481 -0.445959 9.544815 -1.927320 -0.014879 -1.005048 0.130945 0.076132 -0.131390 -0.044363
TAAG -0.137410 -0.570172 0.142624 0.062801 -0.139359 -0.075993 0.447477 -4.133103 -2.634360 -0.325442 9.310717 -1.664668 -0.310150 -0.032133 2.983248 -0.375938 0.002825 3.287463 0.772358 -3.020794 -2.542351 -0.636318 9.458332 -2.187274 0.141525 -0.790984 0.043141 0.047149 -0.129683 0.078734
CAAG -0.002227 -0.653801 0.057220 0.156232 -0.154357 -0.038560 1.073889 -3.767225 -3.172488 -0.189158 9.267544 -1.797233 -0.134561 0.192374 3.060864 -0.213668 -0.104959 3.253814 1.191042 -3.039919 -2.663398 -0.464835 9.572738 -1.938760 0.322065 -0.736982 -0.000410 0.201140 -0.141035 0.036993
CAAC -0.002917 -0.908058 0.021153 0.103941 -0.122670 0.021419 0.778555 -3.725162 -2.420080 -0.369802 9.254100 -1.856123 -0.187241 0.143774 3.037112 -0.056511 -0.145684 3.208043 0.993396 -3.301130 -2.495755 -0.588378 9.448847 -2.070208 0.378994 -0.806063 0.025644 0.155473 -0.093222 0.173035
TAAT 0.092259 -0.873185 0.155571 0.138932 -0.173883 0.080197 1.217731 -3.541048 -2.802066 -0.220072 9.544987 -1.786414 -0.083536 0.266254 3.127199 -0.059368 -0.274172 3.316559 1.485709 -3.058962 -2.535929 -0.386174 9.706838 -1.811872 0.066107 -0.963058 0.223624 0.180956 -0.131167 0.068069
CAAT -0.027243 -0.800709 0.147537 0.071291 -0.163534 -0.040657 0.886662 -3.999583 -3.077174 0.015777 9.130770 -1.790303 -0.134489 0.218573 3.265034 -0.285403 0.121264 3.293156 0.774387 -3.413300 -2.584821 -0.489186 9.417369 -2.165377 0.058574 -0.888695 0.148138 0.163823 -0.149305 -0.120331
AAGA 0.078542 -0.743963 0.105380 0.162425 -0.168062 -0.064543 1.024088 -3.925722 -2.385841 -0.479531 9.570007 -1.664947 -0.144298 0.290108 2.921856 0.039689 -0.256129 3.355513 1.277964 -3.495254 -2.551951 -0.299746 9.505683 -1.889817 -0.017412 -0.712015 0.130246 -0.151890 -0.154614 -0.074446
GAGA -0.152296 -0.720110 -0.050457 0.138558 -0.148562 -0.073587 1.396131 -3.531713 -2.890332 -0.262576 9.471167 -1.479498 -0.204638 0.342115 2.898975 0.061209 -0.331091 3.295724 1.632872 -3.325250 -2.846912 -0.332278 9.503370 -1.766947 0.061509 -0.517993 0.107614 -0.071297 -0.118949 0.006011
CAGA -0.039647 -0.741715 -0.052475 0.042511 -0.141073 0.045323 0.979348 -3.452916 -2.667686 -0.481809 9.481069 -1.883335 -0.095074 0.208664 2.873622 0.173009 -0.054011 3.307717 1.044019 -3.766280 -2.761963 -0.556951 9.387227 -2.059224 0.110524 -0.705980 0.108401 -0.099097 -0.140112 -0.011335
GAGG -0.319156 -0.726851 0.044095 0.125541 -0.151461 -0.164745 1.412094 -3.224078 -2.720464 -0.361535 9.471791 -1.524020 -0.165252 0.301094 2.804565 0.150314 -0.326985 3.306416 1.639435 -3.273700 -3.387177 -0.217045 9.302987 -1.703252 -0.003356 -0.548809 0.125301 -0.108394 -0.116426 -0.105492
AAGG 0.183779 -0.792468 0.009838 0.191475 -0.126803 0.050443 0.639755 -3.434719 -2.397335 -0.663270 9.499386 -1.903563 -0.020056 0.101128 2.910231 0.242343 -0.193378 3.371956 1.201798 -3.564072 -3.113288 -0.193950 9.496258 -1.571896 0.254158 -0.571822 0.061285 -0.051154 -0.129591 0.057127
TAGA -0.112153 -1.343861 -0.100440 0.101782 -0.151319 0.015801 0.361155 -3.328087 -2.426427 -0.707362 9.393302 -2.278760 -0.040747 0.047160 2.940230 0.484921 0.328732 3.389115 0.082525 -4.449853 -2.611380 -0.380358 9.041587 -2.212158 -0.116653 -0.631927 0.111478 -0.123128 -0.150925 -0.116109
AAGC 0.087052 -0.813115 0.003350 0.030579 -0.129086 0.038904 1.343978 -3.849563 -2.967852 -0.205988 9.611961 -1.299924 -0.243259 0.220154 3.049890 -0.086583 -0.366670 3.374284 1.686631 -3.106333 -2.740360 -0.295141 9.607854 -1.698267 -0.113188 -0.697934 0.048247 -0.067905 -0.104638 0.060134
CAGC -0.019181 -0.634882 -0.076342 0.040361 -0.144184 0.042697 1.380112 -3.659283 -2.697589 -0.524677 9.605571 -1.691501 -0.182820 0.290989 2.870649 0.098279 -0.323033 3.290060 1.389319 -3.330775 -2.419104 -0.398639 9.577920 -1.841765 0.128810 -0.500931 0.007043 -0.107515 -0.150844 0.090263
AAGT 0.207004 -1.056856 0.085339 0.176905 -0.091135 0.118735 1.693147 -3.055023 -2.469240 -0.301714 9.736606 -1.127577 -0.121928 0.179109 3.030938 0.110468 -0.594040 3.473601 2.316709 -3.156969 -2.929840 -0.161666 9.643778 -1.366704 -0.360101 -0.978719 0.112978 -0.175078 -0.084044 0.049625
GAGC -0.090939 -0.958131 -0.125624 0.035541 -0.172435 0.090884 0.884164 -3.486938 -2.531424 -0.511121 9.504246 -1.971443 -0.114901 0.169420 2.972339 0.326937 0.003603 3.332992 1.127778 -3.747159 -2.984343 -0.358220 9.244036 -1.965838 0.071848 -0.532218 0.129080 -0.176832 -0.128272 0.020452
TAGG -0.024021 -0.694345 0.084411 0.115261 -0.120034 -0.088041 0.568752 -3.548782 -2.714403 -0.495872 9.262323 -2.052014 -0.134720 0.271807 2.835805 0.003621 0.061619 3.268865 0.978343 -3.085204 -3.113333 -0.331374 9.299568 -1.886925 0.405904 -0.639043 0.111942 -0.042095 -0.120332 0.023933
GAGT -0.100042 -0.803209 0.012642 0.086351 -0.144075 0.024031 1.232314 -3.996949 -3.219064 -0.084433 9.503955 -1.359390 -0.288723 0.243046 3.038817 -0.112789 -0.230084 3.326350 1.289709 -3.097536 -2.834559 -0.358638 9.472465 -1.879031 -0.085474 -0.610223 0.132877 -0.152141 -0.117385 0.124759
CAGG -0.032393 -0.737426 -0.007032 0.093931 -0.143833 0.084649 0.324983 -3.969943 -2.747146 -0.303630 9.246701 -1.869360 -0.161809 0.015780 2.995185 -0.026463 0.174242 3.341255 0.393692 -3.509728 -2.677375 -0.439116 9.305408 -2.059864 0.095177 -0.629262 0.102761 -0.094021 -0.118961 0.101086
TAGT -0.220706 -0.682956 0.088790 0.030991 -0.144915 -0.067352 1.225900 -3.612932 -2.542746 -0.345747 9.614498 -1.534422 -0.261827 0.311703 2.934889 0.063087 -0.275764 3.307706 1.527663 -3.129772 -2.949719 -0.293656 9.421279 -1.846261 -0.146792 -0.663762 0.217283 -0.132334 -0.076285 0.061496
TAGC -0.199635 -0.553142 0.077648 0.063378 -0.162764 -0.066319 0.164471 -4.281733 -2.548906 -0.363883 9.328829 -1.785544 -0.281085 0.151422 2.979191 -0.160039 0.045832 3.277991 0.929617 -3.349833 -3.014005 -0.347067 9.255550 -2.003268 0.107703 -0.541834 0.044867 -0.072948 -0.156861 0.020016
CAGT 0.023827 -0.715066 0.071886 0.070156 -0.121849 0.045427 1.133488 -3.267722 -2.090479 -0.568092 9.747706 -1.558863 -0.223926 0.351038 2.836846 0.063866 -0.409513 3.359704 1.851544 -3.054643 -2.959435 -0.291046 9.528518 -1.654285 -0.024101 -0.786749 0.082029 -0.185649 -0.147410 0.063628
GGAA 0.272848 -0.685581 0.033287 -0.116994 -0.126506 -0.009558 1.273017 -3.890733 -3.198828 -0.084726 9.346889 -1.569751 -0.033060 0.204030 3.253677 -0.209869 -0.125372 3.328654 1.175257 -3.220093 -2.587249 -0.389624 9.661218 -1.796440 0.156034 -0.981982 0.074101 0.113120 -0.123637 -0.027023
AGAA 0.291092 -0.699643 0.104544 -0.120983 -0.141131 -0.066934 0.501360 -3.869925 -3.139871 -0.028663 9.237263 -1.628255 -0.006628 0.096592 3.389777 -0.255835 0.092815 3.346381 0.497132 -3.584224 -2.610138 -0.305424 9.455815 -1.853683 0.045963 -1.048359 -0.002897 0.071310 -0.166014 -0.129881
AGAT 0.092134 -0.830928 0.101103 -0.078077 -0.152527 -0.083618 1.295319 -3.941434 -3.503151 0.184938 9.289795 -1.362258 -0.076609 0.103293 3.509368 -0.215911 0.015044 3.358857 0.908918 -4.207078 -2.210436 -0.113375 9.414403 -1.828186 -0.275434 -0.836204 0.106417 0.122484 -0.180978 -0.163630
TGAA -0.023247 -0.577066 0.128283 -0.176098 -0.103880 -0.053658 0.247013 -4.324843 -3.036323 -0.123381 9.073305 -1.883491 -0.169352 0.226604 3.232467 -0.413234 0.309628 3.273143 0.225688 -3.239639 -2.220489 -0.641046 9.329579 -2.356593 0.147403 -0.938800 0.075511 0.142715 -0.132859 -0.013220
AGAC -0.136708 -0.531604 0.110172 -0.110768 -0.152133 -0.004681 0.749608 -4.482543 -3.118056 -0.032073 9.268469 -1.572799 -0.157031 0.298319 3.312104 -0.352159 0.124540 3.311560 0.659534 -3.588593 -3.054301 -0.257836 9.319293 -1.986439 -0.204070 -0.522931 -0.030109 0.068534 -0.168092 -0.068444
AGAG -0.022207 -0.491319 0.117149 -0.107186 -0.130654 -0.043042 1.301316 -3.916093 -4.081310 0.337355 9.017789 -0.989864 -0.159190 0.182712 3.253218 -0.439735 -0.017270 3.368846 0.904273 -3.484355 -2.927393 -0.382221 9.338053 -1.761583 -0.111280 -0.763146 0.049217 0.078377 -0.138858 -0.056234
GGAC 0.050783 -0.802568 -0.012406 -0.158463 -0.141737 -0.042119 1.379957 -3.738681 -3.145551 0.071789 9.294189 -1.574619 -0.183635 0.280427 3.283703 -0.344170 0.003840 3.277486 0.754516 -3.459244 -2.518908 -0.433584 9.540829 -2.047775 0.099726 -0.855958 0.000832 0.084632 -0.146391 -0.034245
CGAA 0.296204 -0.703506 0.046229 -0.211177 -0.118168 0.034585 1.130711 -3.687433 -3.323712 -0.080684 9.187697 -1.742096 -0.027016 0.185055 3.332335 -0.200651 0.112975 3.316908 0.908905 -3.311909 -2.751681 -0.347895 9.471434 -1.983550 0.215701 -1.091067 0.012515 0.115871 -0.144819 -0.037182
GGAG -0.109690 -0.654231 0.079033 -0.203960 -0.125941 0.039170 1.242831 -3.983706 -3.418473 0.018413 9.234622 -1.513340 -0.133704 0.190622 3.308517 -0.332297 0.124982 3.326855 0.794702 -3.628972 -2.873177 -0.413940 9.335064 -2.041915 -0.116240 -0.721766 -0.055707 0.126741 -0.154444 -0.021051
CGAG -0.324651 -0.779104 0.173226 -0.135610 -0.092188 -0.126538 0.302593 -4.446352 -3.861491 0.301331 8.784896 -1.604064 -0.219766 0.196814 3.443645 -0.514726 0.657473 3.330200 0.144187 -3.986084 -2.494853 -0.502116 8.867873 -2.434246 -0.293189 -0.869106 0.044980 0.104738 -0.138039 -0.222613
GGAT 0.035555 -0.843762 0.141032 -0.122110 -0.106022 -0.131315 1.593165 -3.897299 -3.098480 -0.037309 9.331227 -1.554918 -0.094563 0.129622 3.399355 -0.164300 -0.044243 3.319942 1.154936 -3.626133 -3.213734 -0.137858 9.412990 -1.752816 -0.119233 -0.779366 0.068035 0.062179 -0.131930 -0.149298
TGAC -0.131286 -0.522030 0.044865 -0.129736 -0.134382 -0.076671 0.739575 -3.906609 -3.345002 -0.013460 9.131779 -1.704013 -0.179764 0.146281 3.239126 -0.308827 0.208349 3.266077 0.352875 -3.285758 -2.200710 -0.523850 9.369343 -2.281076 0.215167 -0.654785 0.002596 0.112153 -0.138308 0.070100
TGAT 0.014768 -0.840392 0.057122 -0.238166 -0.160572 -0.077157 1.910582 -3.693718 -3.528157 0.208842 9.303555 -1.367082 -0.190446 0.213271 3.422793 -0.188894 -0.063466 3.294855 0.963283 -3.124616 -2.832821 -0.275517 9.521855 -1.870432 -0.162722 -0.892330 0.179221 0.046025 -0.112085 -0.017149
TGAG -0.016985 -0.805328 0.075985 -0.103458 -0.129981 0.074254 -0.339627 -4.474708 -3.316314 0.037684 8.868842 -1.834622 -0.200381 -0.119746 3.453462 -0.431934 0.673784 3.413647 -0.437788 -3.781963 -2.442948 -0.486262 9.034182 -2.374521 -0.099906 -0.966909 -0.136261 0.141512 -0.146987 0.100118
CGAT 0.020815 -0.882332 0.106632 -0.213322 -0.095656 0.046314 1.274378 -3.743085 -3.076332 -0.044044 9.307682 -1.608653 -0.093697 0.198155 3.362306 -0.097956 0.077010 3.324749 0.973539 -3.407851 -3.182394 -0.162424 9.370250 -1.851498 -0.077017 -0.955025 0.119954 0.084937 -0.082341 0.033876
CGAC -0.080292 -0.614871 0.013895 -0.165065 -0.127976 0.029577 1.481489 -4.028498 -3.775738 0.172378 9.135666 -1.364961 -0.260484 0.143080 3.421666 -0.360930 0.122713 3.298074 0.966740 -3.356351 -2.808311 -0.262356 9.333308 -2.135183 -0.001435 -0.624571 -0.075512 0.124085 -0.137128 0.040957
AGGA 0.329223 -0.445751 0.048043 -0.076081 -0.137663 0.021270 1.505666 -3.432670 -3.208167 -0.209398 9.537240 -1.346625 0.061827 0.339243 3.076973 -0.065192 -0.312064 3.453719 1.579872 -3.435402 -2.770163 -0.214142 9.647607 -1.430913 -0.106839 -0.740097 0.041156 -0.132398 -0.155027 -0.174672
AGGG 0.263563 -0.619844 0.126048 -0.050389 -0.111890 0.061968 0.092181 -4.573091 -3.106870 -0.146057 9.210808 -1.639152 -0.098291 0.118298 3.217197 -0.281734 0.182109 3.383762 0.618258 -3.734621 -2.912954 -0.248652 9.352100 -1.805374 0.100736 -0.915178 0.009011 -0.099106 -0.155865 0.071958
GGGA 0.163711 -0.645080 0.071065 -0.116986 -0.138076 0.010432 0.195368 -4.257377 -3.372857 -0.039400 9.173919 -1.687468 -0.115360 0.173876 3.205679 -0.250914 0.306309 3.386111 0.379766 -4.170851 -2.506016 -0.453048 9.270505 -2.088378 0.013750 -0.763167 0.037808 -0.128720 -0.143705 -0.035183
AGGT 0.251405 -0.692101 0.116677 -0.086625 -0.109376 0.111758 2.127611 -3.339097 -2.648295 -0.220812 9.713097 -0.958258 -0.031413 0.410122 3.018401 -0.060293 -0.633687 3.462617 1.701737 -3.213284 -2.510491 -0.161122 9.693804 -1.189377 -0.380788 -0.861709 0.062903 -0.184240 -0.108922 0.010622
AGGC -0.011627 -0.658768 0.085958 -0.112051 -0.136786 -0.056990 1.151803 -3.959850 -3.190136 -0.166822 9.407319 -1.578489 -0.100334 0.299948 3.148800 -0.100229 0.041091 3.383275 0.749695 -3.965857 -2.274159 -0.222202 9.242114 -1.878727 -0.223023 -0.599824 0.079534 -0.162390 -0.180621 -0.188743
CGGG 0.358935 -0.313688 0.023070 -0.018369 -0.141900 0.060483 0.621381 -4.121527 -2.940830 -0.390707 9.279336 -1.963451 0.134013 0.359304 3.072470 0.119029 -0.003893 3.348333 1.699693 -3.995992 -3.284138 -0.016306 9.415166 -1.519226 0.396125 -0.579390 0.090882 -0.052285 -0.122454 -0.106757
CGGA 0.219848 -0.501825 0.044869 -0.220431 -0.131729 0.148515 1.020811 -4.355299 -2.188790 -0.304535 9.433144 -1.763402 -0.095746 0.475866 2.963331 -0.188875 -0.074433 3.298780 0.993397 -3.105113 -2.587064 -0.475633 9.585369 -1.939022 0.267891 -0.813165 0.061831 -0.155970 -0.133168 0.051557
GGGT -0.020394 -0.854395 0.027273 -0.070635 -0.142752 0.035649 2.003736 -3.347594 -3.066288 -0.210752 9.654407 -1.048099 0.009672 0.338904 3.037787 0.084069 -0.555140 3.392614 1.658802 -3.246032 -2.639546 -0.151442 9.546845 -1.215039 -0.334900 -0.857822 0.068013 -0.176783 -0.142409 -0.000479
GGGG 0.156822 -0.905130 0.032576 -0.093010 -0.149206 -0.024668 -0.270008 -4.306127 -3.081249 -0.312665 9.061930 -1.985221 -0.025067 0.001314 3.243170 0.046360 0.535282 3.375665 -0.510792 -4.612998 -2.929252 -0.207180 9.061787 -2.013658 0.065641 -0.800928 0.037832 -0.138376 -0.157836 0.014614
GGGC -0.006099 -0.481320 -0.072811 -0.154313 -0.201667 -0.028641 1.560192 -3.441057 -3.150229 -0.049051 9.497412 -1.314982 -0.048093 0.263186 3.082559 -0.006452 -0.220629 3.346449 1.263459 -3.722251 -3.125424 -0.119910 9.493394 -1.478424 -0.080533 -0.574428 0.016213 -0.224772 -0.169317 -0.080366
TGGA -0.047426 -0.429245 0.065766 -0.169887 -0.107772 0.038227 0.092377 -4.133414 -2.778582 -0.197122 9.210793 -1.877482 -0.161203 0.298528 3.066093 -0.208117 0.256939 3.291201 0.350684 -3.669796 -2.461388 -0.599127 9.256453 -2.317121 0.159276 -0.669585 0.111868 -0.146354 -0.087695 0.005611
TGGG -0.090564 -0.575337 0.051274 -0.144578 -0.137312 0.023393 1.154353 -3.784331 -3.341424 -0.250916 9.375731 -1.602638 -0.129314 0.289748 2.990696 -0.214808 -0.053572 3.271108 0.822704 -3.179430 -2.667895 -0.381713 9.426944 -1.935879 0.170820 -0.586603 -0.056766 -0.074987 -0.164544 0.053912
CGGT 0.111082 -0.174733 0.011326 -0.101925 -0.127278 -0.010085 1.325677 -4.412322 -1.666352 -0.429795 9.661080 -1.554323 -0.051531 0.546734 2.896289 -0.002492 -0.403724 3.346175 1.650906 -3.708199 -3.193687 -0.307395 9.664775 -1.546271 0.012177 -0.397229 0.041528 -0.174529 -0.176281 -0.070285
TGGC -0.145069 -0.277778 0.047363 -0.188699 -0.150818 -0.006459 1.190514 -3.916232 -2.830548 -0.323375 9.570199 -1.512817 -0.148648 0.381481 2.911071 -0.162736 -0.226723 3.300993 1.072189 -3.293793 -2.713098 -0.408256 9.537463 -1.803226 -0.039004 -0.294402 0.049041 -0.160914 -0.159797 -0.060305
CGGC 0.043536 -0.594838 0.016567 -0.154943 -0.152748 0.079037 0.748534 -4.050429 -3.147341 -0.172606 9.332783 -1.661215 -0.069628 0.265231 3.169784 -0.062337 0.132326 3.358083 0.642436 -3.945189 -2.885823 -0.235112 9.287710 -1.892848 -0.093144 -0.592672 0.001436 -0.140176 -0.147459 -0.010782
TGGT -0.112357 -0.416001 0.080350 -0.127126 -0.180431 0.041883 1.273203 -3.326012 -2.536364 -0.403316 9.766047 -1.455260 -0.079498 0.511212 2.911847 -0.005462 -0.387188 3.355078 1.596795 -3.397844 -3.082948 -0.191709 9.606644 -1.538285 -0.232228 -0.532771 0.065168 -0.164154 -0.161130 0.005504
AGCT 0.077338 -0.606409 0.072981 -0.155277 -0.134788 0.031345 1.376798 -3.672221 -3.186420 -0.191282 9.575988 -1.486769 0.000000 0.162343 3.311287 0.000000 -0.293853 3.312821 1.376798 -3.672221 -3.186420 -0.191282 9.575988 -1.486769 -0.077338 -0.606409 0.072981 0.155271 -0.134721 0.031550
TGCA -0.278190 -0.446087 0.042262 -0.212552 -0.101338 0.002015 0.457196 -3.235958 -2.356088 -0.547503 9.434496 -2.174378 0.000000 0.161445 2.975071 -0.000006 0.024804 3.192138 0.457196 -3.235958 -2.356088 -0.547503 9.434496 -2.174378 0.278190 -0.446087 0.042262 0.212523 -0.101389 0.002364
CGCG -0.280081 -0.345634 0.064549 -0.180980 -0.151399 -0.139970 0.771538 -3.524963 -2.541001 -0.507078 9.446404 -2.064374 -0.000000 0.345647 2.966222 -0.000010 -0.061537 3.168215 0.771538 -3.524963 -2.541001 -0.507078 9.446404 -2.064374 0.280081 -0.345634 0.064549 0.180926 -0.151517 -0.138498
GGCC -0.046025 -0.466218 0.034330 -0.126044 -0.174295 -0.187740 1.488471 -3.745776 -3.176080 -0.186606 9.591674 -1.634884 0.000000 0.249461 3.225141 -0.000067 -0.314799 3.272485 1.488471 -3.745776 -3.176080 -0.186606 9.591674 -1.634884 0.046025 -0.466218 0.034330 0.126051 -0.174263 -0.187651
CGCC -0.270685 -0.241551 -0.020425 -0.187490 -0.143885 -0.089289 1.865539 -3.093636 -2.798267 -0.096975 9.669157 -1.357099 -0.090787 0.371011 3.064512 -0.003962 -0.498753 3.244056 1.801530 -3.094814 -2.706717 -0.273649 9.569278 -1.509454 0.063873 -0.353506 0.054021 0.274270 -0.159898 -0.015494
TGCG -0.207086 -0.495806 -0.055788 -0.178591 -0.143233 0.105860 1.034877 -2.929303 -2.051788 -0.647364 9.808323 -2.015015 0.132637 0.264695 2.949158 0.133931 -0.352145 3.260978 1.281547 -3.284031 -2.221441 -0.402526 9.753628 -1.806270 0.073819 -0.322944 -0.045368 0.190732 -0.156462 -0.031334
TGCC -0.046404 -0.459602 0.028192 -0.173700 -0.154808 -0.044163 0.351152 -4.077608 -2.763629 -0.432917 9.342429 -2.085868 0.051049 0.089114 3.169601 -0.053750 0.064340 3.244056 0.821949 -3.358259 -2.969885 -0.293379 9.446230 -1.844981 0.235065 -0.682888 0.033187 0.191860 -0.153993 -0.049155
GGCT -0.049657 -0.565729 -0.013050 -0.125542 -0.140636 -0.053469 1.563308 -3.112324 -2.561150 -0.267079 9.673063 -1.422602 -0.040096 0.187197 3.159981 0.110580 -0.435589 3.282256 1.595499 -3.599011 -2.895515 -0.249582 9.598929 -1.538936 -0.030408 -0.595704 0.047559 0.156399 -0.139600 -0.024797
CGCT 0.077137 -0.318533 -0.035442 -0.118704 -0.157257 0.051186 1.340721 -3.481271 -2.651420 -0.213661 9.598744 -1.595516 -0.014463 0.209471 3.165324 0.110766 -0.304286 3.338868 1.297969 -3.746152 -2.913988 -0.238514 9.581315 -1.575665 0.005385 -0.415178 0.067364 0.120794 -0.150166 0.100117
TGCT -0.141094 -0.553750 -0.009869 -0.196848 -0.138976 -0.042602 1.338107 -3.175894 -2.307882 -0.215602 9.640093 -1.687057 -0.025703 0.179719 3.094125 0.134436 -0.337895 3.273873 0.540993 -3.614736 -2.766861 1.079020 9.497690 -1.620601 0.052121 -0.576799 0.029937 0.080655 -0.142020 0.008564
CATG -0.156547 -0.758175 0.113372 0.018191 -0.116882 0.052542 1.186051 -2.902611 -1.768726 -0.736284 9.802368 -2.064622 0.000000 0.179637 2.715358 -0.000019 -0.535060 3.253113 1.186051 -2.902611 -1.768726 -0.736284 9.802368 -2.064622 0.156547 -0.758175 0.113372 -0.018195 -0.116978 0.052334
TATA -0.256364 -0.513482 0.184041 0.094527 -0.128222 -0.058934 2.362900 -2.386384 -2.829762 -0.304854 9.777996 -1.185638 -0.000000 0.430454 2.515371 -0.000014 -1.166964 3.306158 2.362900 -2.386384 -2.829762 -0.304854 9.777996 -1.185638 0.256364 -0.513482 0.184041 -0.094566 -0.128285 -0.058452
GATC -0.080826 -0.913700 0.084562 0.068250 -0.134187 -0.088163 1.554511 -2.962777 -2.248166 -0.567634 9.834166 -1.814255 0.000000 0.065485 2.849610 -0.000006 -0.578354 3.272503 1.554511 -2.962777 -2.248166 -0.567634 9.834166 -1.814255 0.080826 -0.913700 0.084562 -0.068257 -0.134360 -0.088060
AATT 0.037928 -1.086459 0.158496 0.111367 -0.125652 0.034397 1.791762 -2.998765 -2.289692 -0.539453 9.872632 -1.649592 -0.000000 -0.148058 2.927247 -0.000014 -0.688724 3.305216 1.791762 -2.998765 -2.289692 -0.539453 9.872632 -1.649592 -0.037928 -1.086459 0.158496 -0.111353 -0.125750 0.034339
CATA -0.161257 -0.707046 0.195041 0.017790 -0.084017 -0.024094 1.631132 -2.810292 -2.654794 -0.519629 9.669471 -1.750370 0.004437 0.145050 2.686987 -0.019409 -0.548620 3.200913 1.145809 -2.539220 -1.675407 -0.816270 9.797356 -1.884532 0.339284 -0.710017 0.287756 -0.015395 -0.095110 -0.005664
GATT -0.180961 -0.811499 0.141074 0.121000 -0.135369 -0.146394 1.552614 -3.069483 -2.407485 -0.622209 9.849817 -1.738160 -0.030313 0.024064 2.823848 -0.003098 -0.643341 3.270650 1.616511 -3.004417 -2.237288 -0.552080 9.795757 -1.758334 -0.019100 -0.805406 0.108595 -0.088075 -0.141659 -0.104007
CATC -0.064221 -0.945491 0.139110 0.072011 -0.115132 0.086667 1.177350 -2.743506 -1.762228 -0.850653 9.899565 -2.062004 0.013838 0.027980 2.742383 0.094826 -0.606653 3.216991 1.386242 -2.949909 -1.928892 -0.729245 9.892425 -1.927462 0.231942 -0.941929 0.191342 -0.030588 -0.108725 0.032232
TATC -0.117138 -0.656306 0.065465 0.072853 -0.101242 -0.009968 1.470438 -3.259350 -2.159932 -0.630835 9.759603 -1.877821 0.063303 -0.027130 2.825423 -0.087206 -0.674219 3.255823 1.708785 -3.021758 -2.088104 -0.611772 9.861392 -1.694787 0.191665 -0.724083 0.027294 -0.047639 -0.122949 -0.132042
TATT -0.359397 -0.766538 0.210589 0.054642 -0.121631 -0.010761 1.631590 -3.091016 -2.330226 -0.569387 9.838070 -1.755929 -0.058977 -0.027493 2.812965 -0.109047 -0.576637 3.257000 1.128239 -2.992997 -2.169316 -0.700599 9.720923 -1.904862 -0.129791 -0.866757 0.183310 -0.123221 -0.119058 0.043058
CATT -0.125360 -0.873959 0.201652 0.083144 -0.125560 0.065270 1.628720 -2.760757 -2.537411 -0.560356 9.781207 -1.684357 -0.042801 0.009109 2.821203 0.003368 -0.612545 3.283247 1.491381 -3.144218 -2.488996 -0.403372 9.850503 -1.817270 0.038316 -1.107623 0.231091 -0.161553 -0.095982 0.153570
AACC -0.169640 -1.014855 0.027537 0.042322 -0.096050 -0.124449 1.307403 -2.955181 -2.219137 -0.455185 9.854307 -1.564464 -0.180740 0.056296 3.057477 0.196736 -0.441942 3.313288 1.441719 -3.151594 -2.840345 -0.328596 9.515163 -1.805253 -0.111913 -0.748027 0.114671 0.184618 -0.141508 -0.028917
GACA -0.163292 -0.635119 -0.037844 0.025693 -0.172260 -0.031909 0.995865 -3.073753 -2.030469 -0.733707 9.744975 -2.009689 -0.066201 0.208972 2.888184 0.251563 -0.366843 3.234652 1.343538 -3.309212 -2.449391 -0.504985 9.589145 -1.978729 0.259274 -0.451162 0.034643 0.198741 -0.148442 -0.002259
AACG -0.166897 -0.960842 0.067794 0.067013 -0.175711 0.036909 1.478796 -3.417223 -2.407148 -0.412536 9.878789 -1.574024 -0.124505 0.015806 3.115857 -0.034033 -0.584087 3.312764 1.819686 -2.945001 -2.646765 -0.323446 9.709851 -1.632956 -0.145284 -0.606971 -0.002426 0.126527 -0.165136 0.059553
GACG 0.165487 -0.627045 -0.004330 0.102696 -0.140947 0.032682 1.080727 -2.539974 -1.995600 -0.744018 9.756647 -1.940321 0.104166 0.089591 2.841688 0.296954 -0.553054 3.260304 1.926234 -3.055838 -2.296795 -0.432592 9.835295 -1.570303 0.539116 -0.676971 0.093693 0.205929 -0.103334 -0.104605
AACA 0.319112 -0.921314 0.089267 0.111646 -0.126053 0.109220 0.597484 -2.991174 -2.110702 -0.150370 9.719881 -1.667565 0.013467 0.056486 2.970962 0.285723 -0.594280 3.298283 2.011747 -3.088540 -2.542560 -0.374783 9.695896 -1.420312 0.341075 -0.791237 0.192859 0.213366 -0.096325 0.022993
CACG -0.120706 -0.580193 -0.049519 0.078685 -0.166489 0.047712 1.320455 -3.064802 -2.455793 -0.542606 9.786492 -1.814161 -0.087364 0.260770 2.857200 0.165662 -0.498325 3.271268 1.566163 -3.150751 -1.936440 -0.508915 9.697642 -1.903398 0.192358 -0.422504 0.044255 0.176681 -0.155345 0.087588
CACA 0.014542 -0.549405 -0.032695 0.082688 -0.110254 0.120594 0.818832 -2.966696 -1.930232 -0.686617 9.542284 -1.932634 0.028833 0.070941 2.834962 0.191929 -0.409938 3.273391 1.464346 -3.390049 -2.055111 -0.611946 9.557993 -1.811113 0.353243 -0.507865 0.080211 0.154351 -0.089712 0.034268
TACA -0.179512 -0.486153 0.068938 0.081431 -0.131308 -0.014799 1.173064 -2.990889 -2.153082 -0.651371 9.615575 -1.808795 -0.042254 0.082654 2.848378 0.046960 -0.464511 3.213348 1.433452 -3.061000 -2.318055 -0.583309 9.675362 -1.844565 0.262652 -0.519228 0.089881 0.208097 -0.117176 0.015649
GACC 0.092306 -0.663958 0.019203 0.104782 -0.142720 0.026145 1.588465 -3.094311 -2.298957 -0.577310 9.934820 -1.675514 -0.047181 0.266328 2.902950 0.271213 -0.699328 3.264529 2.478968 -3.088638 -2.878967 -0.219529 9.713456 -1.357375 0.340935 -0.648656 0.076706 0.155772 -0.173515 -0.075578
TACC -0.179342 -0.854611 -0.047467 0.167771 -0.120513 0.065884 0.831085 -2.768426 -2.070675 -0.640601 9.666399 -1.998082 -0.018999 -0.010236 2.901212 0.154639 -0.331184 3.257717 1.326572 -2.889510 -2.472975 -0.469944 9.594489 -1.793769 0.207475 -0.748553 0.019990 0.215701 -0.106228 -0.001478
CACC -0.143804 -0.467168 -0.022021 0.006706 -0.182860 -0.074284 1.603277 -3.231226 -2.716566 -0.667886 9.847270 -1.725078 -0.088839 0.284396 2.862974 0.169589 -0.590604 3.245088 1.997342 -3.325119 -2.547250 -0.452728 9.672599 -1.674214 0.249269 -0.364345 0.029940 0.184517 -0.181540 -0.077255
TACG -0.434256 -1.169673 0.031727 0.035971 -0.168566 0.035361 -0.382212 -3.902261 -2.750301 -0.427382 9.176766 -2.224561 -0.104738 -0.222796 3.178113 0.064736 0.477603 3.315976 -0.823062 -4.543165 -2.852992 -0.594585 9.051321 -2.349784 -0.175422 -0.609773 0.115329 0.087681 -0.103498 0.042973
GACT -0.017773 -0.743594 -0.030838 0.141945 -0.138468 -0.016142 1.376257 -2.812212 -2.261250 -0.544525 9.883364 -1.617135 -0.058621 0.292015 2.914579 0.316772 -0.632189 3.259408 2.007576 -3.166301 -2.526421 -0.359535 9.775150 -1.607803 0.144192 -0.712084 0.167122 0.170731 -0.106065 0.028469
AACT 0.365003 -0.962287 0.053463 0.102464 -0.107001 0.156050 1.224729 -2.673460 -2.060984 -0.619001 9.945772 -1.617875 0.012887 0.060136 2.992589 0.264550 -0.724111 3.357776 2.074409 -3.173188 -2.467111 -0.365122 9.839088 -1.442593 0.203576 -0.968702 0.170069 0.109541 -0.094764 0.066867
TACT -0.197899 -0.601961 0.008268 0.055954 -0.125287 0.024651 1.419349 -3.130670 -2.465297 -0.380523 9.674035 -1.622242 -0.100381 0.109574 2.971619 -0.034925 -0.527481 3.266277 1.899090 -3.054600 -2.567372 -0.486968 9.658415 -1.659461 0.062039 -0.656041 0.068619 0.198172 -0.127108 0.098278
CACT 0.080883 -0.629547 0.028160 0.067442 -0.142899 0.073938 1.152716 -2.604861 -2.102971 -0.619203 9.767229 -1.692021 -0.048203 0.131137 2.894970 0.284280 -0.572611 3.302578 1.470547 -3.502116 -1.869973 -0.512180 9.706741 -1.772301 0.237228 -0.677603 0.148879 0.167280 -0.092994 0.066873
