ATAT 0.297017 -0.879765 0.236944 -0.023157 -0.105167 0.112745 1.784409 -3.668086 -3.308732 0.047526 9.388810 -1.335337 0.000000 0.157218 3.434467 0.000000 -0.125079 3.431197 1.784409 -3.668086 -3.308732 0.047526 9.388810 -1.335337 -0.297017 -0.879765 0.236944 0.023157 -0.105167 0.112745
TTAA -0.041634 -0.961406 0.153135 -0.064471 -0.087414 -0.053490 0.369142 -3.717032 -3.260029 -0.218578 9.086875 -2.027222 0.000000 0.212888 3.260192 0.000000 0.483801 3.351033 0.369142 -3.717032 -3.260029 -0.218578 9.086875 -2.027222 0.041634 -0.961406 0.153135 0.064471 -0.087414 -0.053490
CTAG -0.153586 -0.795870 0.113059 -0.048498 -0.116950 0.014273 0.242987 -3.955336 -3.473234 -0.065842 8.836873 -2.121627 0.000000 0.236229 3.404602 0.000000 0.697583 3.277763 0.242987 -3.955336 -3.473234 -0.065842 8.836873 -2.121627 0.153586 -0.795870 0.113059 0.048498 -0.116950 0.014273
GTAC -0.043180 -0.717840 0.121638 -0.025016 -0.137566 0.069599 1.079776 -3.681707 -2.851513 -0.158916 9.271698 -1.682557 -0.000000 0.355608 3.224119 0.000000 0.063185 3.306045 1.079776 -3.681707 -2.851513 -0.158916 9.271698 -1.682557 0.043180 -0.717840 0.121638 0.025016 -0.137566 0.069599
ATAC 0.313756 -0.706246 0.178214 0.005769 -0.111776 0.002732 1.877489 -3.876732 -2.861538 -0.121217 9.474388 -1.426027 -0.033866 0.399355 3.235561 -0.141335 -0.350977 3.388135 2.011428 -3.375337 -3.083787 -0.062797 9.551939 -1.303161 -0.077850 -0.612384 0.107608 0.091400 -0.119622 0.010440
GTAG -0.099766 -0.597816 -0.004895 -0.078730 -0.115210 0.113585 1.100641 -3.651654 -3.076794 -0.147295 9.330700 -1.707777 0.039676 0.440091 3.200718 0.064443 0.051460 3.298725 1.211136 -3.703581 -3.110891 -0.106833 9.221122 -1.700422 -0.035752 -0.880228 0.137527 -0.039777 -0.121973 0.014739
TTAG -0.317127 -1.213649 0.293367 -0.105541 -0.188220 0.130824 0.766851 -3.666102 -2.921107 -0.011459 9.065622 -1.983599 -0.027172 0.220467 3.522080 -0.043328 0.513469 3.330042 0.432946 -3.729410 -3.487327 0.123649 8.926785 -1.960853 -0.238167 -0.710776 0.126701 0.167430 -0.187633 0.042658
CTAT 0.070205 -0.671873 0.059038 -0.101814 -0.137148 -0.005933 1.046749 -3.980528 -2.840948 0.003147 9.240811 -1.669334 -0.020887 0.073463 3.556639 0.182263 0.181621 3.392100 0.748755 -4.099681 -3.167391 0.088567 9.068383 -1.623401 -0.213877 -0.647378 0.170405 0.027460 -0.105874 0.019053
TTAC -0.320056 -0.810184 0.050818 -0.064422 -0.138054 0.092361 1.378667 -3.466094 -2.887885 -0.178955 9.311972 -1.728326 0.031218 0.316410 3.293211 0.025645 0.098861 3.327776 0.846218 -3.906648 -3.014282 -0.198176 9.139424 -1.794509 -0.319259 -0.546238 0.014850 0.075995 -0.122502 0.068586
TTAT -0.099297 -0.972617 0.149259 -0.099026 -0.153808 0.004540 1.040410 -3.914150 -2.772231 -0.070628 9.343349 -1.656202 -0.061805 0.089838 3.473574 0.093846 0.159507 3.379600 0.740259 -3.788911 -3.284582 0.014296 9.122538 -1.657238 -0.361111 -0.685079 0.198689 0.020771 -0.121904 0.043948
GCGC 0.113793 -0.547915 -0.016267 0.208006 -0.144283 -0.074586 1.541336 -3.519106 -3.503832 0.280173 9.201881 -1.294622 -0.000000 0.711687 3.167774 0.000000 0.042563 3.412550 1.541336 -3.519106 -3.503832 0.280173 9.201881 -1.294622 -0.113793 -0.547915 -0.016267 -0.208006 -0.144283 -0.074586
CCGG -0.534517 -0.314909 -0.008370 0.105031 -0.144194 0.178435 0.364246 -3.509993 -2.963124 -0.370257 9.111835 -2.167141 -0.000000 0.491583 2.781976 -0.000000 0.346006 3.083912 0.364246 -3.509993 -2.963124 -0.370257 9.111835 -2.167141 0.534517 -0.314909 -0.008370 -0.105031 -0.144194 0.178435
TCGA -0.019370 -0.858998 0.086041 0.182029 -0.117039 -0.070081 0.634009 -3.600761 -3.465617 -0.102388 9.106306 -1.907812 -0.000000 0.896508 2.803286 -0.000000 0.438318 3.375275 0.634009 -3.600761 -3.465617 -0.102388 9.106306 -1.907812 0.019370 -0.858998 0.086041 -0.182029 -0.117039 -0.070081
ACGT 0.021446 -0.758882 0.140895 0.118541 -0.100352 0.112189 1.605611 -3.479719 -3.523434 0.090052 9.279710 -1.454114 -0.000000 0.645216 3.125823 0.000000 -0.021259 3.358975 1.605611 -3.479719 -3.523434 0.090052 9.279710 -1.454114 -0.021446 -0.758882 0.140895 -0.118541 -0.100352 0.112189
CCGC -0.273915 -0.752236 0.012399 0.149075 -0.115203 0.042872 0.678424 -4.003941 -4.002946 -0.085134 9.114531 -1.814476 -0.061945 0.517375 3.064346 0.048898 0.466340 3.263044 0.409727 -4.467820 -3.693622 -0.203902 9.012877 -2.087069 -0.074341 -0.578444 -0.009085 -0.050653 -0.110735 0.139750
CCGT -0.314468 -1.090048 0.108215 0.129704 -0.105518 0.213755 1.236569 -3.772714 -3.964134 0.297176 9.062882 -1.619635 -0.069743 0.690930 3.010552 -0.211652 0.412527 3.237578 0.760886 -3.219554 -3.017543 -0.189460 9.216890 -2.189725 0.040087 -0.790438 -0.034620 -0.181548 -0.110042 0.144684
ACGC 0.404886 -0.661642 0.028014 0.190331 -0.146994 -0.093875 1.685944 -3.918868 -3.455482 0.047100 9.331944 -1.334979 -0.052822 0.598981 3.116109 -0.055021 -0.050887 3.524771 1.464477 -3.631874 -3.643826 0.041007 9.418019 -1.267569 -0.251845 -0.566098 0.069694 -0.239792 -0.155068 -0.085172
TCGT -0.099946 -0.693894 0.096593 0.063674 -0.111912 0.013864 1.219765 -3.730391 -3.205890 -0.023437 9.132729 -1.854092 -0.031778 0.449892 3.136230 0.001560 0.375353 3.312855 0.541730 -3.753912 -3.540052 0.027330 9.111932 -1.783412 0.003840 -0.579203 0.041250 -0.131182 -0.106666 0.084092
TCGC -0.059326 -0.918515 0.102232 0.270063 -0.110681 -0.103409 0.363591 -4.029147 -3.135749 0.044423 8.958448 -2.033547 -0.273035 0.776211 3.012237 -0.258627 0.612853 3.305629 0.590810 -3.259389 -3.207673 -0.082959 9.023004 -2.182537 0.096364 -0.647431 0.013417 -0.201808 -0.145241 0.115746
TCGG -0.086633 -0.974476 0.012884 0.234924 -0.123154 0.079958 0.128604 -3.735986 -3.547349 -0.171579 8.871481 -2.323821 0.113033 0.350922 3.095588 0.278537 0.901550 3.295025 -0.679264 -4.404503 -3.951240 0.203002 8.707070 -1.949725 0.191206 -0.573612 0.040465 -0.280076 -0.225628 0.139857
GCAA 0.243149 -0.575484 -0.029599 0.194352 -0.167927 0.094924 0.297680 -3.532092 -3.358084 -0.170686 8.962954 -2.172155 0.170585 0.366361 3.198633 0.177514 0.442742 3.272951 0.612135 -3.901454 -2.983616 -0.115834 9.215908 -1.897362 0.479804 -0.943890 0.153040 0.061243 -0.125121 0.101225
ACAA 0.711574 -0.703773 0.146855 0.324190 -0.130527 -0.029946 1.088647 -3.914186 -3.379893 -0.112651 9.156372 -1.675950 0.065075 0.446501 3.121124 -0.106731 -0.035097 3.410904 1.358478 -3.445843 -2.352064 -0.362668 9.621305 -1.606545 0.368157 -0.979042 0.161754 0.073426 -0.129712 0.061540
GCAG 0.294581 -0.729126 -0.039211 0.199245 -0.123301 0.013600 0.622601 -4.123515 -3.144351 0.084575 8.918841 -1.892570 -0.050223 0.362706 3.284138 -0.179805 0.400303 3.337722 0.572051 -3.776726 -2.576660 -0.318499 9.276162 -2.063306 0.270580 -0.898950 0.032613 0.103052 -0.101810 0.066217
CCAA 0.101451 -0.531314 0.022286 0.205650 -0.155033 0.008816 -0.831897 -4.727685 -3.871327 0.207743 8.524508 -2.034036 -0.015354 0.171818 3.405741 -0.282608 0.992662 3.353029 -0.507214 -4.203451 -2.940209 -0.410152 8.866939 -2.417204 0.155033 -1.175659 0.066670 0.137031 -0.121472 0.045916
ACAG 0.257335 -0.680368 0.081090 0.212090 -0.127075 0.032030 0.941884 -4.112940 -3.435811 -0.014998 9.142530 -1.647868 -0.036674 0.562848 3.136041 -0.207767 0.114475 3.347231 1.185909 -3.543566 -3.220717 -0.211918 9.428462 -1.704947 0.163499 -0.778330 0.057086 0.040473 -0.134344 0.113103
TCAA 0.054789 -0.697907 0.162562 0.146477 -0.132924 -0.134017 -0.097991 -4.037274 -3.545305 -0.119425 8.776731 -2.199712 -0.020697 0.644508 2.990306 -0.261897 0.755424 3.316563 -0.161251 -3.526022 -2.536995 -0.555357 9.070454 -2.496958 0.290746 -1.074866 0.120347 0.041385 -0.125333 -0.082654
GCAC 0.078442 -0.491275 0.062598 0.153694 -0.109190 0.063036 0.820309 -3.909590 -3.238283 -0.045172 9.137523 -1.813216 0.136093 0.560566 3.075173 -0.260598 0.189202 3.345786 1.002345 -3.839183 -3.587213 -0.320074 9.384708 -1.830988 0.052994 -0.933187 -0.025762 0.047071 -0.126358 -0.085477
ACAT 0.576014 -0.746335 0.205087 0.223963 -0.087322 -0.050885 1.679850 -3.724276 -3.268959 0.056876 9.339740 -1.379518 0.014368 0.422128 3.298082 0.060825 -0.187623 3.457335 1.756678 -3.534089 -3.114238 -0.055021 9.492739 -1.270727 -0.124781 -0.854818 0.316822 0.040266 -0.104760 0.095746
CCAG -0.190257 -0.390599 0.069319 0.208439 -0.138128 0.079482 -0.158175 -4.005193 -3.600318 0.112673 8.751720 -1.910301 -0.079516 0.138625 3.221057 -0.255143 0.669967 3.251246 0.164403 -3.610684 -3.414012 -0.130902 8.936971 -2.072230 0.306297 -0.685313 -0.053883 0.094410 -0.131447 0.181666
GCAT 0.318403 -0.717989 -0.079626 0.185253 -0.133633 0.081962 1.693303 -3.583696 -2.741646 0.149895 9.307555 -1.639834 -0.002883 0.509501 3.371992 0.036912 -0.080851 3.352539 1.412391 -3.500205 -2.837213 -0.136035 9.503558 -1.656901 -0.054065 -0.988241 0.194249 0.052591 -0.105006 0.109294
CCAC -0.144294 -0.585180 0.035274 0.175727 -0.178142 0.076799 0.978365 -3.708270 -3.612567 0.087822 9.042134 -1.801421 0.061204 0.420939 3.148688 -0.100419 0.351994 3.268066 0.352342 -3.693418 -2.700971 -0.292173 9.236687 -2.025013 0.136515 -0.765280 0.030801 0.034683 -0.130982 0.079445
ACAC 0.456773 -0.681259 0.003012 0.160633 -0.121325 -0.010038 0.934795 -3.946429 -3.237670 -0.089917 9.186489 -1.728330 -0.003547 0.415218 3.202300 0.026791 0.087127 3.369444 1.274386 -3.906751 -3.391492 -0.094303 9.397504 -1.625827 0.322973 -0.835185 0.076665 0.048336 -0.110565 0.114835
TCAG 0.076999 -0.956799 0.088955 0.278891 -0.176225 -0.067323 0.890623 -3.887902 -3.703223 0.220290 8.981008 -1.791158 -0.077457 0.586385 3.186402 -0.352603 0.400985 3.354175 0.604169 -3.387252 -2.897479 -0.349714 9.324495 -2.077787 -0.036931 -0.917089 -0.045026 0.095324 -0.108792 0.083525
CCAT -0.188188 -0.396955 -0.004588 0.116537 -0.147890 0.032204 0.077657 -4.468106 -3.487673 0.269193 8.831531 -1.778407 -0.100241 0.405457 3.279463 -0.287566 0.610121 3.295354 0.553055 -3.625022 -3.454065 -0.184424 9.009567 -2.143914 0.012758 -0.879436 0.107952 -0.003646 -0.127050 0.030954
TCAC -0.218864 -0.694462 0.039867 0.130512 -0.148463 -0.000778 0.668865 -3.957181 -3.542188 -0.044069 8.960614 -1.930134 -0.077451 0.504947 3.142290 -0.111260 0.519417 3.269937 0.249629 -3.645440 -3.074971 -0.241163 9.052640 -2.130696 0.109506 -0.748144 0.005003 0.119613 -0.140222 0.123954
TCAT 0.164020 -0.409975 0.056470 0.167502 -0.133013 -0.166994 1.281246 -3.434354 -3.231561 0.016894 9.340783 -1.340785 -0.233384 0.632659 2.983078 -0.157127 -0.020887 3.363041 0.818541 -3.328716 -2.100482 -0.588645 9.548903 -2.008592 -0.006325 -0.949915 0.145528 0.033060 -0.089530 0.063381
GAAA 0.402784 -1.175164 -0.000982 0.144966 -0.122357 -0.003191 1.124208 -3.377035 -3.169682 -0.173103 9.383233 -1.814083 -0.077318 -0.065302 3.255610 -0.004958 -0.177813 3.271208 1.437671 -2.874468 -2.351218 -0.420238 9.695355 -1.912695 0.333006 -1.260094 0.136590 0.110030 -0.111051 0.047127
AAAA 0.531837 -1.275145 0.121871 0.121863 -0.105170 0.115708 1.198980 -3.323151 -2.913102 -0.270590 9.465044 -1.767214 -0.036822 -0.140102 3.285369 -0.001879 -0.300104 3.259176 1.660316 -2.972906 -2.458191 -0.363978 9.761290 -1.738091 0.367007 -1.391450 0.137749 0.122840 -0.102309 0.137637
CAAA 0.554071 -1.122535 0.130502 0.004178 -0.127311 0.084971 0.936676 -3.367327 -2.777015 -0.461972 9.372458 -2.014315 -0.083075 0.057841 3.138081 -0.041685 -0.135184 3.273110 1.399502 -3.023381 -2.234836 -0.561523 9.695432 -1.950461 0.534397 -1.281201 0.094681 0.121311 -0.118271 0.136532
GAAG 0.207688 -1.074235 0.016197 0.138971 -0.104545 -0.039977 1.071182 -3.251593 -2.632389 -0.422827 9.492647 -1.875320 -0.169296 0.233568 3.091587 -0.054262 -0.245774 3.200431 1.421653 -2.890978 -2.373009 -0.503654 9.694135 -1.955498 0.358322 -1.058160 0.075369 0.230951 -0.126375 0.134915
GAAC 0.202079 -1.088327 0.070089 0.065650 -0.126947 0.024923 1.071048 -3.506448 -2.897404 -0.371832 9.495342 -1.856256 -0.142639 0.044591 3.168445 -0.004696 -0.188704 3.248307 1.480282 -2.868687 -2.694201 -0.298224 9.611028 -1.854767 0.329257 -1.065355 0.051369 0.150751 -0.115232 0.135363
TAAA 0.424583 -1.040827 0.073145 0.032183 -0.114091 0.098697 0.957328 -3.242591 -2.908609 -0.419934 9.471479 -1.929577 -0.092914 0.001920 3.130400 0.080898 -0.221002 3.233059 1.272015 -3.063456 -2.406150 -0.511633 9.706363 -1.971289 0.554079 -1.224860 0.171653 0.138267 -0.124165 0.193677
AAAG 0.342250 -1.288964 0.121354 0.102090 -0.115489 0.076476 1.172600 -3.144278 -2.703136 -0.316335 9.522681 -1.766392 -0.094819 -0.091589 3.272331 0.030180 -0.289440 3.260889 1.690810 -2.933587 -2.592133 -0.280138 9.705987 -1.778002 0.280975 -1.145967 0.128414 0.189989 -0.127439 0.161296
AAAC 0.505882 -1.267051 0.146479 0.075848 -0.099969 0.196281 1.303170 -3.210537 -2.516705 -0.423756 9.621393 -1.686577 -0.089313 -0.059424 3.176363 0.033825 -0.431961 3.284401 2.002430 -2.978637 -2.637198 -0.329545 9.772072 -1.585799 0.354995 -1.183272 0.134786 0.073908 -0.149077 0.188630
AAAT 0.355279 -1.384267 0.111849 0.152202 -0.130990 0.152612 1.776506 -3.100146 -3.008463 -0.189264 9.596384 -1.558708 -0.102481 -0.234908 3.276217 0.012177 -0.418550 3.264671 2.054741 -3.026013 -2.559748 -0.262957 9.741244 -1.542545 0.122600 -1.232100 0.099740 0.057031 -0.127551 0.190054
TAAC 0.226423 -1.005798 0.136090 0.050434 -0.145139 0.075324 0.684017 -3.221580 -2.405402 -0.540734 9.432158 -1.988856 -0.183466 0.033087 3.076424 0.004728 -0.201898 3.200143 1.291652 -2.794366 -2.423401 -0.427258 9.644959 -1.926094 0.540401 -1.077162 0.065354 0.135694 -0.090263 0.275353
GAAT 0.199730 -1.100869 0.036016 0.086665 -0.116880 -0.023211 1.644989 -3.443077 -3.063934 -0.085195 9.514994 -1.566065 -0.192454 0.013038 3.230623 -0.040856 -0.335664 3.266671 1.654457 -2.840491 -2.575543 -0.354756 9.713008 -1.769183 0.090729 -1.202969 0.187099 0.061974 -0.098387 0.127948
TAAG -0.073105 -0.657918 0.244549 0.016803 -0.152732 -0.066850 0.656203 -3.027534 -1.738908 -0.837688 9.604556 -2.026512 -0.204472 0.024330 2.805411 -0.021802 -0.269001 3.200904 1.425997 -2.764864 -2.992325 -0.452454 9.618878 -1.868337 0.460272 -0.777818 0.181801 0.070070 -0.143809 0.129197
CAAG 0.012319 -1.022158 0.170067 0.195460 -0.135476 0.023289 1.264421 -3.523065 -2.941987 -0.186896 9.227318 -1.878744 -0.242896 0.078660 3.094509 -0.203755 -0.115092 3.125327 0.872471 -2.906009 -2.251348 -0.652915 9.667763 -2.209545 0.539477 -0.921262 0.092473 0.255141 -0.111518 0.286186
CAAC 0.007765 -0.932954 0.075184 0.050880 -0.124985 -0.017292 0.850059 -3.493591 -2.359965 -0.398991 9.361948 -2.023264 -0.231143 0.169634 3.054812 -0.033528 -0.099657 3.155550 1.046316 -3.135780 -2.498676 -0.560262 9.516530 -2.200740 0.528019 -0.903484 0.085280 0.128880 -0.117535 0.210996
TAAT 0.067327 -1.102754 0.211595 0.150645 -0.185379 0.100488 1.242407 -3.271108 -2.708930 -0.278151 9.639564 -1.824781 -0.112324 0.154390 3.128626 0.001984 -0.331972 3.273379 1.599605 -2.923147 -2.524098 -0.396496 9.732709 -1.831223 0.051317 -1.115434 0.270029 0.137415 -0.107974 0.174831
CAAT 0.126840 -1.065440 0.201982 0.035353 -0.118176 -0.021107 1.304910 -3.708158 -2.923893 -0.136263 9.300854 -1.752403 -0.223704 0.108225 3.276438 -0.218993 -0.079696 3.222818 1.274885 -2.991230 -2.425119 -0.462878 9.572603 -2.093725 0.204718 -1.155627 0.150171 0.198126 -0.100645 0.111948
AAGA 0.324283 -0.980244 0.215808 0.176187 -0.148835 0.129202 1.020452 -3.235090 -2.519777 -0.494896 9.567683 -1.788991 -0.068697 0.247268 3.022880 0.055487 -0.266575 3.367787 1.808994 -3.021211 -2.697077 -0.109825 9.624522 -1.645664 0.187969 -0.999572 0.131651 -0.084030 -0.124969 0.049877
GAGA 0.097388 -0.949615 -0.049641 0.139268 -0.126366 0.052892 1.285919 -3.216643 -2.485090 -0.520014 9.649546 -1.779133 -0.129460 0.284399 2.868313 0.264193 -0.341011 3.280793 2.191950 -3.424312 -2.933023 -0.259866 9.541662 -1.642513 0.302048 -0.752091 0.114769 -0.105189 -0.142403 0.084594
CAGA 0.472645 -0.871944 -0.002953 0.116028 -0.102107 0.220627 0.759720 -3.061419 -2.533353 -0.676883 9.485922 -2.073365 -0.093370 0.158730 2.841675 0.185854 -0.180439 3.311272 1.543177 -3.218352 -2.326266 -0.461494 9.623001 -1.911047 0.619054 -0.901619 0.040699 -0.091251 -0.154708 0.233748
GAGG -0.027572 -0.758403 -0.044746 0.163498 -0.126525 0.035149 1.250835 -3.175087 -2.613507 -0.525663 9.543096 -1.746232 -0.188908 0.306877 2.774548 0.211891 -0.324301 3.212211 1.881957 -2.959963 -2.945216 -0.248290 9.566923 -1.729639 0.483685 -0.706812 0.100345 -0.077839 -0.125252 0.232646
AAGG 0.388125 -0.949390 0.038189 0.226593 -0.101816 0.197705 0.852456 -3.441442 -2.258379 -0.665894 9.592755 -1.904041 -0.032885 0.175252 2.929531 0.193416 -0.356230 3.357298 1.799781 -3.255421 -3.069004 -0.177541 9.639584 -1.395490 0.380659 -0.596318 0.023877 0.001819 -0.135611 0.144743
TAGA 0.061613 -1.095575 0.054413 0.061787 -0.157895 0.042788 0.671257 -3.027589 -2.050696 -0.788502 9.538065 -2.185657 -0.125708 0.406500 2.766336 0.188472 -0.062803 3.300446 1.392149 -3.111317 -2.652834 -0.425205 9.420382 -2.001832 0.210857 -0.892346 0.070346 -0.090683 -0.140547 0.048842
AAGC 0.318671 -0.806867 0.110613 0.072771 -0.149643 0.068147 1.459661 -3.340900 -3.599297 -0.078384 9.574031 -1.052199 -0.235837 0.250105 3.050069 -0.200041 -0.498059 3.429163 2.119734 -2.950548 -2.650319 -0.299242 9.762366 -1.496022 -0.094801 -0.915840 0.047864 -0.098451 -0.118065 0.088575
CAGC -0.028784 -0.931244 -0.064788 0.072347 -0.132900 0.106747 0.823154 -3.307283 -2.054262 -0.711654 9.629635 -2.125254 -0.216536 0.319859 2.830460 0.154364 -0.184616 3.202949 1.503893 -3.186301 -2.497704 -0.295338 9.498302 -1.873312 0.334333 -0.759950 -0.017093 -0.117068 -0.163595 0.224301
AAGT 0.365038 -1.123410 0.162009 0.164044 -0.134317 0.201450 1.989279 -2.985208 -2.861393 -0.240765 9.833828 -0.988410 -0.104801 0.232940 3.169925 0.112914 -0.690241 3.527156 2.675307 -3.407048 -2.841928 -0.092889 9.706924 -1.261197 -0.509546 -1.190762 0.130413 -0.163549 -0.127806 0.030683
GAGC 0.131164 -1.095892 -0.114381 0.042230 -0.110022 0.140135 1.040704 -3.222719 -2.382812 -0.693397 9.553630 -2.083618 -0.118640 0.078477 2.951957 0.457681 -0.131225 3.271326 1.779947 -3.511388 -3.238418 -0.151671 9.326072 -1.670505 0.430149 -0.784880 0.126090 -0.136115 -0.083438 0.229938
TAGG -0.020433 -0.692412 0.145515 0.050717 -0.110218 -0.022785 1.324322 -3.326568 -2.648216 -0.496784 9.471007 -1.862733 -0.203521 0.412268 2.750040 -0.051641 -0.260407 3.210859 1.614649 -2.785542 -2.832036 -0.336694 9.516882 -1.734542 0.497008 -0.561777 0.096622 -0.061135 -0.132710 0.134724
GAGT -0.110794 -0.924261 0.102823 0.096115 -0.118186 0.009602 2.107246 -3.144413 -2.604429 -0.200141 9.723147 -1.318212 -0.097365 0.395698 2.966199 -0.037512 -0.627088 3.368118 2.304500 -2.793490 -2.951715 -0.040690 9.648241 -1.316188 -0.152516 -0.829880 0.093348 -0.132543 -0.111038 0.031798
CAGG 0.057722 -0.751459 0.101744 0.075147 -0.112465 0.052663 0.888436 -3.181211 -2.161155 -0.685577 9.535914 -2.071830 -0.182429 0.305967 2.773627 0.093261 -0.223767 3.187063 1.437918 -2.939214 -2.606480 -0.348941 9.586596 -1.868638 0.573040 -0.648127 0.095118 -0.079142 -0.109778 0.220989
TAGT -0.142659 -0.775307 0.208763 0.045965 -0.128830 0.037104 1.215846 -3.031187 -2.487153 -0.433577 9.671656 -1.542849 -0.238640 0.346098 2.877804 0.046173 -0.348277 3.311746 1.939756 -2.951244 -2.944247 -0.233978 9.523428 -1.728046 -0.096489 -0.912816 0.206715 -0.194215 -0.061325 0.146252
TAGC -0.096115 -0.605605 0.086982 0.057163 -0.137814 -0.019953 0.518959 -3.571567 -1.990121 -0.606456 9.527811 -2.004749 -0.286236 0.286280 2.883093 -0.013688 -0.183879 3.218103 1.570474 -3.081106 -2.950416 -0.242383 9.441552 -1.886191 0.429857 -0.656222 0.031732 -0.044090 -0.128657 0.220489
CAGT 0.062357 -0.902952 0.085735 0.046886 -0.101909 0.047917 1.418773 -3.067248 -1.916266 -0.613159 9.878844 -1.627430 -0.253867 0.448665 2.855581 0.114900 -0.452235 3.338573 2.017178 -2.978857 -2.604958 -0.277481 9.598886 -1.701010 -0.029980 -0.955698 0.066183 -0.184684 -0.129349 0.116836
GGAA 0.466657 -0.688465 0.019542 -0.127172 -0.132484 0.016363 1.195333 -3.874051 -3.206668 -0.113001 9.343796 -1.627556 -0.037638 0.149292 3.254347 -0.230938 -0.162852 3.323416 1.305849 -2.928898 -2.396567 -0.400150 9.762507 -1.779738 0.352428 -1.059432 0.058241 0.099354 -0.117809 0.005874
AGAA 0.574210 -0.938146 0.082358 -0.148195 -0.152899 0.122995 1.252494 -3.655891 -3.380416 -0.042391 9.341936 -1.505007 0.041703 0.044107 3.404122 -0.228660 -0.136474 3.408382 1.240327 -3.069906 -2.582553 -0.276434 9.723734 -1.583418 0.090266 -1.247754 0.035458 0.099550 -0.140083 -0.019690
AGAT 0.351963 -1.046945 0.067767 -0.056608 -0.153839 0.126472 1.504749 -3.574887 -3.051873 0.112403 9.516926 -1.289507 -0.083792 -0.105136 3.486722 -0.069779 -0.337461 3.415607 1.649712 -3.272601 -3.154068 -0.064473 9.728440 -1.354682 -0.187417 -0.951698 0.217563 0.104392 -0.133837 0.122718
TGAA 0.007036 -0.613343 0.118138 -0.190755 -0.118062 -0.092961 0.141083 -4.261987 -3.226465 -0.055919 9.046021 -1.916132 -0.222335 0.245984 3.224352 -0.474506 0.343971 3.260476 0.222796 -2.849289 -2.054903 -0.716905 9.353775 -2.511195 0.236619 -1.098181 0.071790 0.122535 -0.112877 0.000659
AGAC 0.209847 -0.848196 0.069395 -0.073041 -0.102262 0.063055 1.125468 -3.888184 -3.064721 -0.039398 9.305758 -1.565388 -0.095029 0.145669 3.353126 -0.285124 -0.109959 3.318877 1.184429 -3.420191 -3.051491 -0.258808 9.604356 -1.769022 0.043492 -0.833295 -0.058783 0.088360 -0.116686 0.059984
AGAG 0.151432 -0.724729 0.081425 -0.128672 -0.139408 0.038369 1.115215 -3.728141 -3.237545 -0.037619 9.368158 -1.539018 -0.080453 0.122564 3.227460 -0.273316 -0.131960 3.322289 1.067297 -3.225185 -2.540125 -0.418346 9.663080 -1.881251 0.107135 -0.987983 0.032615 0.087077 -0.121012 0.095201
GGAC 0.182978 -0.811047 -0.004623 -0.142131 -0.141305 -0.057243 1.619644 -3.506059 -2.867715 -0.052944 9.435404 -1.611453 -0.179540 0.312370 3.218892 -0.241785 -0.194195 3.252607 1.232211 -3.079318 -2.354732 -0.350316 9.711394 -1.911150 0.242868 -0.922888 0.037236 0.106848 -0.138522 0.017226
CGAA 0.431464 -0.755726 0.086129 -0.206064 -0.112504 0.056102 1.418066 -3.487747 -3.249888 -0.047763 9.179011 -1.727454 -0.035235 0.166441 3.331102 -0.263337 0.028840 3.312614 1.147458 -3.108079 -2.456619 -0.393981 9.595870 -1.959832 0.305624 -1.151863 0.008410 0.119000 -0.117729 0.000775
GGAG 0.162897 -0.803172 0.092119 -0.179906 -0.102719 0.106351 0.916459 -3.777829 -3.477833 -0.029546 9.139862 -1.654053 -0.074519 0.045060 3.320340 -0.418936 0.138335 3.318696 1.176445 -3.510182 -2.980138 -0.478094 9.458184 -1.983342 0.179701 -1.103221 -0.118296 0.183090 -0.124272 0.101580
CGAG -0.212813 -0.718490 0.151956 -0.103404 -0.089843 -0.144829 0.196298 -4.291382 -3.333914 0.142956 8.964342 -1.724110 -0.310753 0.156930 3.317749 -0.532214 0.456062 3.231824 0.489561 -3.264626 -2.232272 -0.546556 9.094419 -2.432361 0.072772 -0.993928 0.005800 0.152203 -0.093400 0.057805
GGAT -0.018950 -0.976042 0.097554 -0.127686 -0.128163 -0.045913 1.777708 -3.593450 -2.878527 -0.029743 9.444343 -1.540592 -0.080529 0.113451 3.361385 -0.186414 -0.196813 3.335845 1.325536 -3.302078 -2.877298 -0.275825 9.619249 -1.768611 -0.266206 -0.986115 0.128577 0.061983 -0.096394 -0.021071
TGAC -0.222427 -0.460533 0.044328 -0.163468 -0.138161 -0.147055 1.016721 -3.553730 -3.070357 -0.058036 9.219261 -1.723644 -0.222395 0.255308 3.113942 -0.414565 0.033793 3.210255 0.726357 -2.823407 -1.932291 -0.670118 9.553179 -2.372748 0.309553 -0.664423 0.006772 0.109259 -0.121547 0.061638
TGAT -0.031758 -0.968784 0.102492 -0.271382 -0.172389 -0.080684 2.113388 -3.527136 -3.488760 0.253504 9.311830 -1.296415 -0.252789 0.211750 3.441772 -0.238027 -0.094344 3.282524 1.042785 -2.836318 -2.747515 -0.274428 9.582078 -1.893486 -0.250247 -0.954900 0.214052 0.035741 -0.087840 0.022634
TGAG -0.143151 -0.812251 0.071749 -0.126632 -0.132424 -0.062827 0.901455 -3.465739 -2.967773 -0.164798 9.319406 -1.702123 -0.205892 0.188887 3.127188 -0.373085 0.009300 3.279457 0.695584 -2.805317 -1.881801 -0.630292 9.554183 -2.191832 0.040529 -0.918430 -0.042102 0.177403 -0.114473 0.057547
CGAT -0.058134 -0.993796 0.079280 -0.153956 -0.126429 -0.016796 1.579911 -3.450911 -2.826258 -0.052822 9.411395 -1.637621 -0.158105 0.231983 3.274581 -0.134415 -0.037056 3.313674 1.076413 -2.897978 -2.879948 -0.245366 9.486922 -1.912259 -0.182371 -1.006971 0.122408 0.057203 -0.099177 0.016420
CGAC -0.030078 -1.012091 0.004440 -0.225600 -0.114924 0.060488 1.301201 -3.322630 -2.562710 -0.262357 9.306617 -1.962424 -0.166174 0.027944 3.239940 -0.195968 -0.019682 3.173747 1.074080 -2.750178 -2.687931 -0.277159 9.570236 -2.068455 0.391860 -0.695726 -0.172434 0.119273 -0.080113 0.180392
AGGA 0.511875 -0.424592 0.055183 -0.061219 -0.132301 0.116396 1.614768 -3.263936 -2.976945 -0.251970 9.631030 -1.339339 0.117056 0.343583 3.078630 -0.069781 -0.469398 3.496834 2.101840 -3.224616 -2.783581 -0.163346 9.807352 -1.229674 -0.057714 -0.740059 0.027818 -0.106535 -0.142873 -0.145377
AGGG 0.374207 -0.570048 0.088428 -0.049617 -0.121714 0.163294 1.122061 -3.717198 -3.010767 -0.191105 9.479631 -1.362806 -0.047124 0.324927 3.047746 -0.190623 -0.333176 3.373269 1.734823 -3.082747 -2.980126 -0.195310 9.697586 -1.321827 0.196626 -0.738136 0.013155 -0.021984 -0.153863 0.102511
GGGA 0.305863 -0.572974 0.054335 -0.116323 -0.141345 0.102746 1.121708 -3.655261 -3.170417 -0.148257 9.506165 -1.529021 -0.045550 0.471786 2.986949 -0.283863 -0.236316 3.360386 1.365829 -3.378794 -2.282821 -0.432264 9.785497 -1.736597 0.139333 -0.780792 0.009713 -0.089444 -0.144494 -0.015941
AGGT 0.354564 -0.774617 0.140894 -0.121897 -0.144885 0.166488 2.341298 -3.294910 -2.598134 -0.131581 9.762593 -0.784644 0.020268 0.456596 3.046572 -0.102912 -0.756713 3.518756 1.988681 -3.127768 -2.679400 -0.085704 9.891989 -0.980272 -0.541131 -0.896582 0.075205 -0.226060 -0.129602 -0.014270
AGGC 0.443384 -0.759062 0.028188 -0.057442 -0.113536 0.199795 1.310345 -3.764206 -3.089409 -0.146505 9.520211 -1.438879 -0.046745 0.317042 3.183896 -0.214476 -0.298090 3.443968 1.843805 -3.137166 -3.244379 -0.062007 9.640365 -1.318222 -0.047365 -0.844523 -0.040241 -0.122407 -0.164203 0.061689
CGGG 0.305241 -0.423670 -0.026266 -0.018895 -0.135928 0.191627 0.937329 -3.980605 -3.047973 -0.150263 9.334423 -1.553425 -0.053939 0.325476 3.049127 -0.196109 -0.132732 3.357126 1.560350 -3.241990 -3.023350 -0.140909 9.563318 -1.505932 0.258948 -0.662963 -0.050861 -0.050011 -0.127599 0.071373
CGGA 0.280299 -0.488645 0.063034 -0.252308 -0.159958 0.107429 1.009354 -4.412371 -2.098299 -0.289488 9.462387 -1.738720 -0.167077 0.542006 2.844009 -0.351808 -0.125470 3.290178 0.975618 -2.711651 -2.236963 -0.666808 9.682732 -2.023661 0.323737 -0.961889 0.051226 -0.250628 -0.152379 0.054410
GGGT -0.006589 -0.947940 0.050839 -0.107608 -0.188321 0.065410 2.677595 -2.986174 -3.165048 -0.268948 9.918773 -0.747417 0.084319 0.535156 2.902708 0.143583 -0.880533 3.446643 2.415804 -2.867129 -2.829724 -0.131581 9.849827 -0.886956 -0.630582 -1.049031 0.085830 -0.192042 -0.158924 -0.014670
GGGG 0.087102 -0.565947 -0.041147 -0.031962 -0.147410 -0.008811 0.938415 -3.875995 -2.834514 -0.250823 9.371937 -1.605224 -0.129247 0.333370 2.976632 -0.162689 -0.169991 3.280392 1.124014 -3.169080 -2.761765 -0.308165 9.556399 -1.718952 0.263710 -0.633789 -0.018123 -0.056968 -0.149298 0.086209
GGGC 0.064016 -0.500571 -0.116806 -0.141137 -0.189063 0.021966 1.634866 -3.416910 -2.997214 -0.036920 9.522849 -1.373717 -0.048251 0.321029 3.050069 -0.047076 -0.287524 3.365176 1.280775 -3.600844 -2.829857 -0.209470 9.635639 -1.494751 -0.057352 -0.596254 0.004646 -0.168842 -0.163378 -0.042400
TGGA 0.167856 -0.382343 -0.007517 -0.141357 -0.133390 0.035976 -0.029308 -3.966350 -2.383448 -0.362006 9.236923 -2.100902 -0.075883 0.400471 2.933847 -0.171066 0.192888 3.310323 0.417324 -3.515893 -1.984444 -0.706826 9.440704 -2.299343 0.304053 -0.822074 0.092394 -0.141071 -0.085307 -0.021707
TGGG -0.057090 -0.473797 -0.007819 -0.187854 -0.173800 0.090605 1.603657 -3.600352 -3.094761 -0.134818 9.464195 -1.442884 -0.114846 0.353941 2.940933 -0.300127 -0.285289 3.285490 1.254707 -2.913769 -2.317593 -0.481205 9.669350 -1.863074 0.156286 -0.548798 -0.064200 -0.147902 -0.184006 0.059008
CGGT 0.307495 -0.430501 0.054621 -0.137508 -0.067524 0.045709 1.480570 -3.748877 -2.297559 -0.403465 9.644905 -1.449494 -0.157868 0.533454 2.917720 -0.044093 -0.362993 3.425082 1.649419 -3.425120 -2.723248 -0.319376 9.664163 -1.654800 -0.025743 -0.926612 0.096093 -0.217154 -0.104115 0.066135
TGGC -0.036018 -0.487798 0.025883 -0.205916 -0.156266 0.043190 0.729203 -3.770937 -2.904995 -0.162413 9.325796 -1.806762 -0.189960 0.430523 3.008858 -0.425375 0.017823 3.302566 0.891050 -3.045745 -2.226665 -0.575422 9.545226 -2.179565 0.091947 -0.623945 -0.097627 -0.138809 -0.122817 0.077714
CGGC 0.092299 -0.793635 0.052717 -0.130375 -0.118001 0.120055 1.044202 -3.452313 -2.657928 -0.495004 9.630861 -1.711226 -0.059263 0.356841 3.004906 0.046217 -0.215101 3.347641 1.525035 -3.161306 -2.757328 -0.143481 9.533400 -1.662855 -0.060560 -0.718340 -0.011589 -0.144581 -0.129440 0.074909
TGGT 0.044850 -0.651899 0.078910 -0.138154 -0.170154 0.015188 1.706260 -3.082325 -2.213301 -0.490687 9.860379 -1.458647 -0.058730 0.577935 2.889173 0.018760 -0.549241 3.414576 2.069539 -3.057209 -2.894093 -0.189240 9.739103 -1.295800 -0.350898 -0.887320 0.150664 -0.174227 -0.130628 -0.056649
AGCT 0.219954 -0.944168 0.050684 -0.149795 -0.112712 0.155802 1.407725 -3.358040 -2.988606 -0.249591 9.681634 -1.381317 -0.000000 0.129422 3.232177 -0.000000 -0.403451 3.411557 1.407725 -3.358040 -2.988606 -0.249591 9.681634 -1.381317 -0.219954 -0.944168 0.050684 0.149795 -0.112712 0.155802
TGCA -0.318408 -0.563964 -0.014730 -0.146843 -0.127508 0.006311 0.313030 -3.096294 -1.931108 -0.721172 9.484801 -2.322157 0.000000 0.195789 2.830463 0.000000 -0.032617 3.139795 0.313030 -3.096294 -1.931108 -0.721172 9.484801 -2.322157 0.318408 -0.563964 -0.014730 0.146843 -0.127508 0.006311
CGCG -0.164445 -0.604539 -0.034273 -0.146789 -0.114872 0.042275 0.738613 -3.148671 -2.270639 -0.615100 9.607723 -2.019531 -0.000000 0.220460 2.907476 0.000000 -0.153899 3.216762 0.738613 -3.148671 -2.270639 -0.615100 9.607723 -2.019531 0.164445 -0.604539 -0.034273 0.146789 -0.114872 0.042275
GGCC -0.021908 -0.757269 0.030734 -0.088609 -0.105451 0.001767 1.702718 -3.501515 -3.214235 -0.231484 9.624601 -1.582503 0.000000 0.225736 3.142107 0.000000 -0.390044 3.295323 1.702718 -3.501515 -3.214235 -0.231484 9.624601 -1.582503 0.021908 -0.757269 0.030734 0.088609 -0.105451 0.001767
CGCC -0.326888 -0.479873 0.048911 -0.201465 -0.134559 -0.156658 2.095961 -3.072123 -3.138635 0.145101 9.592256 -1.090278 -0.239435 0.429840 3.013009 -0.332189 -0.523475 3.254905 1.750855 -2.400967 -2.885805 -0.357619 9.592655 -1.577410 -0.020347 -0.751438 0.029182 0.202363 -0.147444 0.038731
TGCG -0.356602 -0.702407 -0.080417 -0.192590 -0.144081 0.107990 0.909802 -2.441830 -1.557897 -0.808456 9.997998 -2.069184 0.105358 0.258929 2.876244 0.189548 -0.382539 3.265570 1.118859 -2.999206 -1.882997 -0.519883 9.815066 -1.962132 -0.129767 -0.446724 -0.065051 0.235514 -0.176135 0.002118
TGCC -0.200100 -0.490368 0.032635 -0.194349 -0.144155 0.023784 0.812217 -3.656002 -2.466036 -0.392330 9.618597 -1.835146 -0.055053 0.120995 3.053851 -0.229923 -0.221588 3.255208 0.976089 -2.959112 -2.545283 -0.531045 9.643502 -1.863993 0.070910 -0.712150 -0.020595 0.181688 -0.155533 0.070351
GGCT 0.013618 -0.656229 -0.088805 -0.132331 -0.146144 0.035863 1.253070 -2.741148 -2.130769 -0.522572 9.878216 -1.515267 -0.007437 0.222814 3.063359 0.254275 -0.498854 3.309097 1.467229 -3.337239 -2.820105 -0.207486 9.721628 -1.449614 -0.073850 -0.715865 0.034431 0.142844 -0.126995 0.073973
CGCT -0.116364 -0.620475 0.043024 -0.168102 -0.153884 0.045481 1.831333 -3.294763 -2.544238 -0.169248 9.809170 -1.382407 -0.155095 0.057374 3.170600 -0.074262 -0.411401 3.419538 1.314838 -3.201546 -2.930841 -0.226931 9.697082 -1.566919 -0.364524 -0.510669 -0.007205 0.079886 -0.118695 0.231443
TGCT -0.342487 -0.806979 -0.027580 -0.249679 -0.128391 0.009182 1.330211 -2.755079 -1.989733 -0.626314 9.903147 -1.693492 -0.134980 0.221157 3.035390 0.232591 -0.347108 3.265655 1.090933 -3.255657 -2.705852 -0.298948 9.582547 -1.788799 -0.130108 -0.752525 0.052967 0.070365 -0.116528 0.179990
CATG -0.196883 -0.907273 0.183592 0.017812 -0.113605 0.017561 1.014380 -2.777565 -1.454342 -0.909342 9.799499 -2.275789 0.000000 0.197313 2.654772 -0.000000 -0.489136 3.195384 1.014380 -2.777565 -1.454342 -0.909342 9.799499 -2.275789 0.196883 -0.907273 0.183592 -0.017812 -0.113605 0.017561
TATA -0.288418 -0.640749 0.206034 0.017121 -0.128620 0.104004 1.430390 -2.790816 -2.044028 -0.788229 9.848312 -1.793537 -0.000000 0.022962 2.664363 -0.000000 -0.672580 3.185204 1.430390 -2.790816 -2.044028 -0.788229 9.848312 -1.793537 0.288418 -0.640749 0.206034 -0.017121 -0.128620 0.104004
GATC -0.142118 -1.012845 0.140913 0.055568 -0.107740 -0.010539 1.406291 -2.634433 -2.003459 -0.689065 9.897757 -1.936975 -0.000000 0.118101 2.727536 -0.000000 -0.570129 3.217523 1.406291 -2.634433 -2.003459 -0.689065 9.897757 -1.936975 0.142118 -1.012845 0.140913 -0.055568 -0.107740 -0.010539
AATT 0.103438 -1.273988 0.152072 0.068739 -0.120023 0.175607 1.934236 -2.802813 -2.266059 -0.568056 9.982684 -1.596690 0.000000 -0.213477 2.967989 0.000000 -0.759970 3.304257 1.934236 -2.802813 -2.266059 -0.568056 9.982684 -1.596690 -0.103438 -1.273988 0.152072 -0.068739 -0.120023 0.175607
CATA -0.261374 -0.797784 0.155335 0.027724 -0.102183 -0.009463 1.876727 -2.461454 -2.591367 -0.549569 9.710428 -1.723932 0.005513 0.196928 2.589839 0.069577 -0.662612 3.152630 1.285565 -2.121798 -1.379464 -0.914485 9.847432 -1.859080 0.430214 -0.708537 0.337184 0.018108 -0.070022 0.003269
GATT -0.271292 -1.038428 0.223100 0.161165 -0.082141 0.010046 1.750214 -2.892633 -2.312413 -0.700202 9.940688 -1.789784 -0.028609 0.020364 2.765540 -0.079167 -0.744781 3.235834 1.841364 -2.694046 -2.237866 -0.593371 9.875674 -1.722437 -0.101319 -0.988646 0.095971 -0.090681 -0.072036 0.056619
CATC -0.018381 -0.986503 0.165282 0.085487 -0.108567 0.104146 1.070203 -2.527594 -1.485854 -0.963628 9.937657 -2.175488 0.024312 0.051017 2.666652 0.136500 -0.642686 3.184612 1.491557 -2.661533 -1.688498 -0.794163 9.949846 -1.962722 0.338897 -0.992084 0.246191 -0.026654 -0.091349 0.047835
TATC -0.255210 -0.702551 0.128534 0.035494 -0.107497 0.028301 1.599190 -2.707984 -1.935104 -0.743018 9.914935 -1.808691 -0.030488 0.015584 2.785657 -0.008723 -0.735409 3.227666 2.052784 -2.783425 -2.484129 -0.457978 9.796724 -1.601662 0.142404 -0.797561 0.081237 -0.017338 -0.109676 0.047986
TATT -0.376873 -0.904395 0.228925 0.041381 -0.101209 0.025791 1.704030 -2.759281 -2.232062 -0.579930 9.964558 -1.667050 -0.113291 -0.131100 2.870158 -0.160819 -0.643173 3.246639 1.224569 -2.798267 -2.112766 -0.695627 9.800801 -1.902688 -0.233539 -1.141431 0.113167 -0.105150 -0.124682 0.175503
CATT -0.099599 -0.961330 0.241004 0.071760 -0.123240 0.080595 1.770977 -2.560116 -2.542586 -0.553135 9.874131 -1.663790 -0.061069 -0.019622 2.839083 0.012400 -0.635417 3.278041 1.474360 -3.099067 -2.444354 -0.335455 9.918990 -1.838630 -0.018015 -1.259882 0.269211 -0.187063 -0.110652 0.226655
AACC 0.376761 -1.137633 0.051299 0.166067 -0.087206 0.164468 1.001213 -2.724555 -2.045412 -0.633471 10.004948 -1.672164 -0.017292 0.015397 3.021601 0.335470 -0.705644 3.302861 2.272609 -2.886134 -2.518412 -0.307819 9.830239 -1.392683 0.304418 -1.051557 0.162939 0.252932 -0.100867 0.037469
GACA 0.068549 -0.793766 -0.039707 0.021376 -0.135988 0.104170 0.854594 -2.499934 -1.692947 -1.008089 9.875008 -2.163750 0.075419 0.198972 2.811620 0.383791 -0.494021 3.202938 1.609649 -2.871804 -2.474752 -0.468338 9.794673 -1.758895 0.521511 -0.725333 0.052846 0.240435 -0.144974 -0.013122
AACG 0.119575 -1.214293 0.081983 0.071129 -0.141162 0.164615 1.460530 -2.993335 -2.184110 -0.637515 9.983026 -1.626963 -0.029956 -0.060982 3.048706 0.098347 -0.682831 3.340373 2.313497 -2.841474 -2.798251 -0.306384 9.785876 -1.407672 0.034581 -0.931284 0.021194 0.144778 -0.151095 0.045788
GACG 0.181582 -0.640214 0.059747 0.106531 -0.126874 0.030386 1.055204 -1.999957 -1.454057 -0.902216 9.890254 -1.925572 0.104009 0.108232 2.741792 0.325835 -0.642224 3.255068 2.033596 -2.827930 -2.069215 -0.457447 9.921931 -1.607857 0.532292 -0.746585 0.076820 0.195782 -0.121466 -0.088623
AACA 0.433324 -1.013643 0.105296 0.137813 -0.128963 0.178600 1.186060 -2.538133 -1.942982 -0.707834 9.888857 -1.814382 0.068023 0.024370 2.964477 0.353945 -0.656020 3.308094 2.202570 -3.018226 -2.513279 -0.358347 9.837640 -1.403232 0.438704 -0.854871 0.192453 0.230540 -0.114305 0.016593
CACG -0.131253 -0.843517 0.027868 0.071071 -0.127189 0.102653 1.139142 -2.764650 -2.326442 -0.600398 9.921267 -1.870709 -0.068866 0.227165 2.788114 0.040353 -0.535608 3.275691 1.783884 -2.684793 -2.055238 -0.597415 9.807413 -1.829553 0.092290 -0.702207 0.023552 0.179963 -0.120409 0.151223
CACA 0.129892 -0.688167 -0.014828 0.064008 -0.131114 0.165305 0.775326 -2.587930 -1.842426 -0.918083 9.788259 -2.084060 0.073072 0.072903 2.756757 0.313011 -0.504987 3.239501 1.566330 -3.277275 -2.043252 -0.675738 9.820030 -1.814329 0.510196 -0.553920 0.110255 0.205997 -0.098315 0.014822
TACA -0.076977 -0.553872 0.085139 0.048205 -0.127985 -0.011866 0.812745 -2.896937 -2.100473 -0.767887 9.705140 -2.084139 -0.001060 0.189071 2.793342 0.054091 -0.466071 3.158892 1.511386 -2.799002 -2.031858 -0.695310 9.765154 -1.965142 0.572087 -0.698371 0.083503 0.235152 -0.136310 -0.063524
GACC 0.359073 -0.836164 0.053662 0.103626 -0.125751 0.067217 1.565836 -2.478357 -2.411236 -0.587755 9.989546 -1.624751 0.024248 0.208957 2.876888 0.408757 -0.792384 3.227943 2.815051 -2.870702 -2.823893 -0.144241 9.755869 -1.071000 0.636045 -0.988467 0.138009 0.203056 -0.145406 -0.100036
TACC -0.160150 -0.708802 0.051137 0.089658 -0.125590 0.093084 0.863885 -2.524582 -2.067052 -0.705036 9.801937 -2.002457 0.018729 0.048582 2.831741 0.124631 -0.469254 3.237632 1.653276 -2.788367 -2.241644 -0.494520 9.698651 -1.707512 0.289428 -0.803984 0.061158 0.176468 -0.086569 0.007435
CACC 0.118730 -0.811316 -0.043572 0.010262 -0.165121 0.001332 1.104895 -2.815824 -2.096051 -0.791349 9.875434 -1.874321 -0.032043 0.241923 2.864562 0.252924 -0.613510 3.255901 2.328195 -3.047353 -2.394277 -0.457810 9.749436 -1.595611 0.384909 -0.776239 0.006149 0.194425 -0.145477 -0.064774
TACG -0.124775 -0.900809 0.112704 -0.008706 -0.111927 0.131977 0.659740 -3.009160 -2.194107 -0.639723 9.504936 -2.056848 0.066883 0.075511 2.895584 0.079035 -0.272549 3.225503 1.156029 -3.199831 -3.085608 -0.263704 9.383071 -1.603619 0.456957 -0.613691 0.070140 0.164320 -0.099824 -0.012107
GACT 0.049078 -0.920212 -0.013431 0.130888 -0.120367 0.008071 1.297473 -2.475199 -1.937385 -0.674145 10.018437 -1.620169 -0.059892 0.217626 2.941519 0.435256 -0.669629 3.275483 2.275502 -3.002361 -2.575774 -0.240000 9.744402 -1.484482 0.096453 -0.856574 0.129021 0.213376 -0.120672 0.088029
AACT 0.576635 -1.082100 0.052236 0.115837 -0.108395 0.196001 1.124281 -2.239337 -1.878369 -0.743746 10.092600 -1.589684 0.028550 0.068535 2.998938 0.389539 -0.833964 3.373224 2.358099 -3.087021 -2.462402 -0.320893 9.902523 -1.332190 0.261952 -1.193469 0.167224 0.166990 -0.121894 0.070480
TACT -0.009815 -0.597494 0.111211 0.057723 -0.119890 -0.007833 1.281881 -2.679765 -2.155137 -0.437120 9.933981 -1.546394 -0.145970 0.186183 2.884410 -0.096773 -0.716829 3.265527 2.042381 -2.740478 -2.457108 -0.465318 9.859399 -1.528718 0.150743 -0.908443 0.056052 0.120917 -0.109458 0.086994
CACT 0.266477 -0.821644 0.064372 0.057150 -0.129145 0.091319 0.974786 -2.249095 -1.750231 -0.796327 9.989048 -1.797575 -0.019100 0.130160 2.882110 0.338150 -0.681812 3.303364 1.912622 -3.002357 -2.081105 -0.486164 9.884826 -1.695429 0.325054 -0.937134 0.139844 0.177497 -0.095854 0.052707
