ATAT 0.420273 -0.993831 0.043951 -0.060318 0.006925 -0.004607 1.054871 -3.709895 -2.194768 -0.215025 9.380078 -1.431266 -0.000000 0.464196 3.504725 0.000000 -0.123477 3.470014 1.054871 -3.709895 -2.194768 -0.215025 9.380078 -1.431266 -0.420273 -0.993831 0.043951 0.060318 0.006925 -0.004607
TTAA -0.264111 -0.666931 0.104587 -0.097071 -0.002330 -0.085791 0.171469 -3.133428 -1.271302 -1.027452 9.197197 -2.252135 -0.000000 0.561141 2.842444 -0.000000 0.112591 3.183171 0.171469 -3.133428 -1.271302 -1.027452 9.197197 -2.252135 0.264111 -0.666931 0.104587 0.097071 -0.002330 -0.085791
CTAG -0.403269 -0.677070 0.102887 -0.087588 -0.003738 0.137888 0.081115 -3.121572 -1.400803 -0.962915 9.134376 -2.292978 0.000000 0.345517 2.927872 0.000000 0.152702 3.079437 0.081115 -3.121572 -1.400803 -0.962915 9.134376 -2.292978 0.403269 -0.677070 0.102887 0.087588 -0.003738 0.137888
GTAC -0.140472 -0.626294 0.002415 -0.107949 -0.002932 0.059128 0.480663 -3.395760 -1.467102 -0.786749 9.272008 -2.051327 0.000000 0.420048 3.067950 0.000000 -0.003486 3.221619 0.480663 -3.395760 -1.467102 -0.786749 9.272008 -2.051327 0.140472 -0.626294 0.002415 0.107949 -0.002932 0.059128
ATAC 0.342095 -0.937781 0.034482 -0.062673 0.008775 0.003389 0.906779 -3.754953 -2.297604 -0.164306 9.303643 -1.490066 0.044778 0.439430 3.286013 0.278251 -0.060444 3.343594 0.626953 -3.352222 -1.387056 -0.828039 9.345148 -1.995584 0.073916 -0.678313 0.017916 0.103728 -0.006267 0.052353
GTAG 0.047662 -0.523501 -0.044327 -0.118417 0.001458 0.064779 0.333691 -3.552904 -1.709189 -0.630189 9.184183 -1.985475 0.074327 0.389780 2.975994 0.401343 0.076406 3.142918 0.189181 -2.919631 -1.079118 -1.184780 9.218464 -2.412050 0.616162 -0.803208 0.173783 0.074089 -0.005680 0.146112
TTAG -0.347845 -0.713774 0.109198 -0.096270 -0.004421 -0.060380 0.064145 -2.994381 -1.202531 -1.098598 9.159301 -2.393956 -0.129202 0.448738 2.889916 -0.088256 0.141010 3.130193 0.158734 -3.277589 -1.477901 -0.883658 9.158353 -2.158388 0.325812 -0.618122 0.096267 0.088855 -0.001925 0.112470
CTAT -0.527664 -0.836377 0.183936 -0.068584 -0.009563 0.134415 0.333286 -2.899423 -1.030982 -1.197176 9.280533 -2.350855 -0.116200 0.404415 3.181158 -0.626416 0.029211 3.256009 0.695012 -3.862433 -2.479753 -0.074886 9.204573 -1.464927 -0.469217 -0.841674 0.006994 0.070638 0.013547 0.014955
TTAC -0.516945 -0.802019 0.145679 -0.091665 -0.008251 -0.060062 0.176381 -2.868944 -0.955011 -1.257304 9.229754 -2.473076 -0.192476 0.485145 2.949304 -0.410766 0.073560 3.196410 0.383109 -3.667695 -1.736287 -0.597157 9.210111 -1.879017 -0.089521 -0.475711 -0.038690 0.120172 0.003327 0.042646
TTAT -0.405039 -0.845800 0.150422 -0.088937 -0.011384 -0.075399 0.335777 -2.859872 -0.931178 -1.251874 9.294556 -2.394356 -0.233498 0.502152 3.158472 -0.619458 0.024353 3.313850 0.744195 -3.969347 -2.471863 -0.064513 9.230113 -1.368178 -0.508308 -0.804543 0.012130 0.073240 0.016499 -0.004645
GCGC -0.266682 -0.479323 -0.069389 0.105714 -0.079052 0.198851 0.403790 -3.425865 -1.071795 -0.976111 9.347541 -2.201235 -0.000000 0.509553 2.722097 -0.000000 -0.105097 3.158327 0.403790 -3.425865 -1.071795 -0.976111 9.347541 -2.201235 0.266682 -0.479323 -0.069389 -0.105714 -0.079052 0.198851
CCGG -0.620615 -0.194089 -0.022417 0.109836 -0.065844 0.189544 -0.066534 -3.131880 -1.105543 -1.114779 9.193082 -2.404232 0.000000 0.397624 2.532328 0.000000 0.052056 2.997389 -0.066534 -3.131880 -1.105543 -1.114779 9.193082 -2.404232 0.620615 -0.194089 -0.022417 -0.109836 -0.065844 0.189544
TCGA -0.621031 -0.233462 -0.000185 0.113812 -0.056356 0.080440 -0.125072 -2.983210 -0.776551 -1.348009 9.205247 -2.561933 -0.000000 0.571965 2.335757 -0.000000 0.046054 3.017128 -0.125072 -2.983210 -0.776551 -1.348009 9.205247 -2.561933 0.621031 -0.233462 -0.000185 -0.113812 -0.056356 0.080440
ACGT 0.455449 -0.841626 -0.005431 0.162179 -0.073640 0.076798 0.804287 -4.159513 -2.181166 -0.180216 9.328467 -1.414522 -0.000000 0.624812 3.380583 -0.000000 -0.059197 3.483559 0.804287 -4.159513 -2.181166 -0.180216 9.328467 -1.414522 -0.455449 -0.841626 -0.005431 -0.162179 -0.073640 0.076798
CCGC -0.671454 -0.316036 -0.019460 0.130317 -0.071791 0.179773 0.162898 -3.013219 -0.871471 -1.216214 9.266749 -2.498277 -0.118925 0.440006 2.640439 -0.257405 -0.009536 3.077737 0.079186 -3.604427 -1.333207 -0.868019 9.250370 -2.108157 0.214073 -0.342724 -0.068736 -0.080484 -0.072276 0.214950
CCGT -0.544920 -0.434116 -0.023533 0.172391 -0.083301 0.141736 0.159592 -3.453454 -1.326551 -0.869486 9.213056 -2.184373 -0.090950 0.481842 2.987083 -0.232091 0.021975 3.237144 0.490920 -3.889624 -2.077724 -0.349242 9.273694 -1.612060 -0.364621 -0.573168 -0.008219 -0.099644 -0.060307 0.145000
ACGC 0.394754 -0.732593 -0.008520 0.130603 -0.068401 0.114027 0.927296 -3.677059 -1.853940 -0.435908 9.409179 -1.685243 -0.053834 0.562637 3.108695 -0.086067 -0.077101 3.338466 0.392594 -3.999362 -1.647358 -0.536963 9.273967 -1.806657 0.125186 -0.639041 -0.071732 -0.149355 -0.088286 0.159653
TCGT -0.413154 -0.491465 0.002419 0.176891 -0.077874 0.003626 0.043288 -3.100229 -0.738497 -1.267153 9.256837 -2.529729 -0.286684 0.548687 2.930578 -0.526705 0.076905 3.258277 0.257619 -4.268568 -2.367077 -0.155965 9.162754 -1.437870 -0.274190 -0.540964 -0.009068 -0.093847 -0.060604 0.160343
TCGC -0.570657 -0.375218 0.002545 0.144113 -0.068540 0.043821 0.023622 -2.721189 -0.332606 -1.584633 9.290625 -2.809273 -0.301149 0.502808 2.615842 -0.544159 0.043357 3.107284 -0.044555 -3.978192 -1.737159 -0.591625 9.157970 -1.880327 0.232014 -0.327248 -0.066622 -0.081264 -0.071710 0.226321
TCGG -0.557167 -0.249649 0.001209 0.124634 -0.060605 0.061112 -0.121041 -2.778338 -0.506596 -1.520242 9.242897 -2.736198 -0.181763 0.476862 2.458738 -0.284508 0.059688 3.013303 -0.105606 -3.412833 -1.460104 -0.882311 9.133347 -2.186824 0.658727 -0.173204 -0.023951 -0.110418 -0.064937 0.202134
GCAA 0.011649 -0.307699 -0.046334 0.075473 -0.062689 0.107947 0.641885 -2.846197 -0.567297 -1.489362 9.585372 -2.219354 0.150152 0.691239 2.529053 -0.175566 -0.261615 3.168545 0.497977 -3.200722 -0.955404 -1.061690 9.294487 -2.324514 0.603541 -0.764704 0.082246 0.059638 -0.014991 -0.091227
ACAA 0.626450 -0.590588 0.012781 0.108476 -0.045807 0.046968 1.115320 -3.158549 -1.359318 -0.869353 9.669162 -1.628662 0.134878 0.719921 2.907644 -0.144791 -0.266258 3.341211 0.545654 -3.624079 -1.316489 -0.747651 9.268725 -2.036431 0.450259 -0.886528 0.088160 0.044596 -0.019614 -0.131241
GCAG -0.056096 -0.352528 -0.051591 0.079795 -0.066265 0.135165 0.477204 -2.821416 -0.587326 -1.485737 9.513209 -2.329578 0.037688 0.564474 2.598781 -0.170318 -0.198558 3.110034 0.436391 -3.281638 -1.130546 -0.957000 9.247693 -2.274210 0.681758 -0.746813 0.099927 0.052123 -0.009840 0.128087
CCAA -0.443846 -0.182892 0.000072 0.113786 -0.062629 0.087857 0.372039 -2.656713 -0.668884 -1.487767 9.440859 -2.378771 0.082610 0.612739 2.496683 -0.274191 -0.136683 3.101321 0.267213 -3.238274 -1.141152 -1.002073 9.240804 -2.274724 0.432484 -0.573774 0.065816 0.069835 -0.008365 -0.069585
ACAG 0.562858 -0.622468 0.008239 0.110048 -0.049599 0.071917 0.940145 -3.127419 -1.419334 -0.845198 9.588583 -1.737104 0.016440 0.580028 2.976737 -0.129643 -0.190255 3.274626 0.428566 -3.709564 -1.455039 -0.665069 9.209305 -2.012782 0.568916 -0.846742 0.107617 0.035789 -0.015785 0.097542
TCAA -0.398111 -0.302623 0.023926 0.126400 -0.059515 -0.015839 0.233403 -2.433306 -0.218834 -1.830612 9.445592 -2.637909 -0.033294 0.713136 2.407596 -0.452762 -0.101268 3.127829 0.234123 -3.375212 -1.292834 -0.904596 9.195690 -2.188513 0.426197 -0.554655 0.048039 0.082711 -0.005238 -0.070532
GCAC -0.127259 -0.407966 -0.039949 0.098442 -0.068982 0.110419 0.600152 -2.873408 -0.447766 -1.531785 9.586439 -2.298945 0.005539 0.621016 2.713338 -0.427856 -0.249868 3.203066 0.737247 -3.658045 -1.475665 -0.624067 9.286856 -1.957848 0.257596 -0.604839 -0.036492 0.103369 -0.004314 0.039905
ACAT 0.658067 -0.790747 0.015447 0.154294 -0.059187 0.014377 1.287735 -3.315658 -1.324472 -0.826305 9.736961 -1.557869 -0.047405 0.729158 3.274348 -0.468922 -0.324730 3.505149 1.258195 -4.336140 -2.431367 0.073612 9.290288 -1.184425 -0.317101 -0.988343 0.045557 0.054445 -0.001934 -0.043254
CCAG -0.506983 -0.234901 -0.002160 0.118202 -0.065051 0.114058 0.205116 -2.617528 -0.663812 -1.506773 9.372859 -2.501283 -0.042463 0.485816 2.589314 -0.331884 -0.062358 3.054996 0.204584 -3.407208 -1.397644 -0.835784 9.178695 -2.172894 0.465680 -0.539601 0.054540 0.071597 -0.005589 0.142691
GCAT 0.039632 -0.519601 -0.045871 0.125742 -0.077088 0.076851 0.803226 -3.066887 -0.622269 -1.365451 9.635581 -2.098555 -0.028216 0.683057 2.977573 -0.519263 -0.301416 3.354839 1.336583 -3.970468 -2.340868 -0.052385 9.327335 -1.355964 -0.263520 -0.895114 0.032510 0.063206 0.000879 -0.011096
CCAC -0.572231 -0.285809 0.007976 0.133306 -0.067769 0.097623 0.321061 -2.668262 -0.530094 -1.555928 9.444340 -2.475439 -0.073842 0.535985 2.691914 -0.561605 -0.114259 3.140423 0.440453 -3.780754 -1.646963 -0.567145 9.219155 -1.898040 0.067237 -0.414199 -0.059560 0.119691 0.000908 0.068266
ACAC 0.520470 -0.687428 0.016633 0.130408 -0.054255 0.047438 1.127405 -3.181220 -1.280759 -0.885714 9.685290 -1.698222 -0.014672 0.649588 3.074641 -0.365098 -0.263495 3.365185 0.736009 -4.052539 -1.738928 -0.377462 9.255234 -1.716015 0.179062 -0.721667 -0.016957 0.086974 -0.009020 0.013364
TCAG -0.454888 -0.336437 0.020923 0.135489 -0.063439 0.001292 0.068196 -2.396122 -0.203683 -1.850693 9.376359 -2.764712 -0.169510 0.579615 2.517847 -0.538807 -0.019854 3.087405 0.144907 -3.606833 -1.597044 -0.701424 9.121191 -2.054929 0.445522 -0.510956 0.029150 0.089290 -0.003144 0.139864
CCAT -0.397201 -0.360514 0.000459 0.162075 -0.078780 0.058570 0.488594 -2.847476 -0.672607 -1.412172 9.485077 -2.308470 -0.115789 0.581817 2.955139 -0.667699 -0.143751 3.281906 0.940781 -4.122026 -2.535690 0.011436 9.220752 -1.306778 -0.393791 -0.716162 0.024082 0.075441 0.007216 0.023090
TCAC -0.507548 -0.388257 0.029164 0.145536 -0.066094 -0.015525 0.161333 -2.460673 -0.107471 -1.879085 9.433464 -2.736418 -0.199532 0.622833 2.628312 -0.747107 -0.054788 3.170781 0.341744 -3.979372 -1.829789 -0.444635 9.149491 -1.801521 0.069045 -0.393384 -0.073301 0.134112 0.003117 0.069746
TCAT -0.291706 -0.466405 0.023705 0.172060 -0.076812 -0.058879 0.330688 -2.635586 -0.268593 -1.723477 9.481159 -2.562683 -0.252769 0.663824 2.901234 -0.861060 -0.072746 3.317190 0.761365 -4.367428 -2.697507 0.115421 9.130987 -1.212863 -0.372238 -0.697952 0.010836 0.090352 0.008912 0.026239
GAAA 0.609584 -1.090345 -0.010017 0.098678 0.003846 -0.095207 1.643102 -2.503749 -1.321610 -0.861178 9.906926 -1.867536 -0.123021 0.145155 2.988153 -0.053269 -0.560479 3.311968 1.103699 -3.134546 -1.415443 -0.765619 9.521425 -1.895218 0.660487 -1.267795 0.043040 0.081150 -0.016808 -0.051531
AAAA 0.754165 -1.201646 0.052456 0.078578 -0.009167 -0.085212 1.791458 -2.475590 -1.564936 -0.680811 9.955069 -1.692998 -0.124532 0.137221 3.142688 -0.160370 -0.543229 3.358812 0.960967 -3.391812 -1.697834 -0.579399 9.447445 -1.717986 0.556227 -1.302813 0.037082 0.085489 -0.014057 -0.085170
CAAA 0.555596 -0.651193 0.074128 0.057600 -0.010221 -0.118499 1.305916 -2.464282 -1.236706 -0.872070 9.829078 -2.068382 -0.185435 0.091284 3.107752 -0.380792 -0.313049 3.293622 0.255900 -3.744172 -1.966236 -0.402657 9.232245 -1.695518 0.729485 -1.223156 0.036846 0.082076 -0.009436 -0.047805
GAAG 0.660081 -1.087833 -0.012540 0.100665 0.004598 -0.030421 1.503051 -2.496133 -1.306825 -0.866104 9.856670 -1.964729 -0.207712 0.063632 3.016727 0.002466 -0.513177 3.237258 0.981117 -3.130613 -1.511413 -0.728450 9.465709 -1.932015 0.900401 -1.280842 0.083997 0.064099 -0.018168 0.198675
GAAC 0.451593 -1.144184 -0.018430 0.104332 -0.002336 -0.078554 1.549178 -2.638100 -1.296698 -0.825461 9.854989 -1.955506 -0.197359 0.080122 3.111806 -0.126018 -0.547755 3.286074 1.255675 -3.295365 -1.655428 -0.566362 9.507456 -1.772844 0.507002 -1.160171 -0.026646 0.105350 -0.013701 0.083133
TAAA 0.480361 -0.725117 0.123901 0.087616 -0.004391 -0.100083 1.162335 -2.426482 -1.084840 -1.030075 9.786072 -2.171618 -0.186710 0.126295 3.078632 -0.489177 -0.247185 3.280065 0.065642 -3.840945 -2.038099 -0.353375 9.168834 -1.673416 0.679625 -1.233143 0.045182 0.083824 -0.007740 -0.048150
AAAG 0.812673 -1.204892 0.055815 0.081797 -0.007911 -0.019317 1.659958 -2.462419 -1.579648 -0.668430 9.909543 -1.777911 -0.210236 0.053609 3.179031 -0.114305 -0.493168 3.284281 0.819716 -3.414987 -1.809944 -0.533607 9.384317 -1.748045 0.799001 -1.304608 0.072879 0.071408 -0.015471 0.165093
AAAC 0.615348 -1.255970 0.041660 0.084937 -0.014857 -0.061104 1.710573 -2.600748 -1.553432 -0.646915 9.911295 -1.770269 -0.195877 0.072727 3.255906 -0.225810 -0.532047 3.331112 1.098352 -3.551235 -1.921808 -0.400005 9.430575 -1.612743 0.433092 -1.188676 -0.031117 0.112327 -0.010089 0.054531
AAAT 0.493794 -1.369545 0.012573 0.086251 -0.015220 -0.064505 1.772045 -2.619364 -1.589483 -0.629720 9.922353 -1.737723 -0.211242 0.072226 3.359489 -0.286935 -0.588897 3.409418 1.527681 -3.583361 -2.240226 -0.170783 9.501663 -1.256054 -0.068226 -1.386295 -0.024612 0.088851 -0.008980 0.007400
TAAC 0.336190 -0.747048 0.124062 0.095039 -0.009375 -0.074588 1.054706 -2.540164 -1.031127 -1.022007 9.734669 -2.272920 -0.266449 0.051594 3.202286 -0.598903 -0.217288 3.251032 0.099082 -4.122891 -2.348784 -0.138050 9.129097 -1.528784 0.553269 -1.109836 -0.026845 0.114977 -0.004773 0.093528
GAAT 0.337594 -1.267546 -0.045530 0.106419 -0.001608 -0.086284 1.634480 -2.662398 -1.378164 -0.773734 9.871658 -1.903617 -0.218375 0.072580 3.244259 -0.199807 -0.608594 3.369240 1.718266 -3.366190 -2.045031 -0.281041 9.582078 -1.377750 -0.020613 -1.365152 -0.020213 0.081370 -0.013647 0.032823
TAAG 0.514675 -0.698031 0.133667 0.092136 -0.003366 -0.034657 0.997681 -2.407876 -1.034153 -1.058125 9.733215 -2.284498 -0.277430 0.038607 3.126942 -0.500622 -0.181838 3.210347 -0.123230 -3.965372 -2.236912 -0.255929 9.083910 -1.653296 0.881982 -1.234666 0.070545 0.076505 -0.010070 0.193590
CAAG 0.608080 -0.630101 0.077494 0.059849 -0.008604 -0.048187 1.146368 -2.452820 -1.200884 -0.885030 9.775776 -2.179017 -0.275608 0.004573 3.161084 -0.377106 -0.245230 3.224767 0.068926 -3.849541 -2.158379 -0.308051 9.147809 -1.684480 0.944553 -1.237295 0.063400 0.072710 -0.011463 0.198513
CAAC 0.436583 -0.691940 0.069234 0.066052 -0.014669 -0.095096 1.208905 -2.598560 -1.191211 -0.852958 9.775757 -2.167333 -0.265596 0.024522 3.232336 -0.468175 -0.284220 3.267460 0.319676 -3.977814 -2.250982 -0.198244 9.200120 -1.567081 0.612723 -1.114905 -0.034980 0.111474 -0.006395 0.092554
TAAT 0.247586 -0.860840 0.131177 0.097516 -0.009401 -0.073727 1.112872 -2.554856 -1.122662 -0.968159 9.745978 -2.227615 -0.278418 0.052430 3.323015 -0.692157 -0.239248 3.329187 0.335125 -4.226852 -2.671057 0.085051 9.158574 -1.188722 0.086272 -1.312790 -0.021609 0.095882 -0.002058 0.038973
CAAT 0.348664 -0.820067 0.065642 0.069082 -0.014985 -0.103866 1.269435 -2.623775 -1.277937 -0.802395 9.782023 -2.127900 -0.283358 0.030788 3.348304 -0.543404 -0.311522 3.346328 0.614918 -4.048722 -2.547375 0.016483 9.248381 -1.240153 0.137607 -1.321808 -0.032719 0.092075 -0.005402 0.038948
AAGA 0.970577 -1.176773 0.082713 0.078738 -0.006340 0.176639 2.035045 -2.795990 -1.522698 -0.625377 9.974452 -1.522412 -0.150238 0.350522 2.900889 -0.005554 -0.690630 3.408168 0.936755 -3.316627 -1.149107 -0.955742 9.614225 -1.759262 0.635337 -0.859249 -0.003732 -0.128546 -0.068506 0.097568
GAGA 0.788470 -0.978122 -0.047576 0.120201 0.004274 0.157175 1.795516 -2.858090 -1.290372 -0.772779 9.884722 -1.745222 -0.127679 0.325290 2.737088 0.187041 -0.645062 3.344365 0.916653 -3.050388 -0.836232 -1.179905 9.650637 -2.013918 0.808478 -0.815636 -0.005777 -0.109012 -0.063944 0.130945
CAGA 0.569473 -0.570963 0.052254 0.067953 -0.003059 0.116696 1.399911 -2.780994 -1.147689 -0.841122 9.818909 -1.998840 -0.182193 0.248600 2.803606 -0.113032 -0.452528 3.272891 0.305297 -3.366445 -1.309939 -0.893086 9.409723 -1.885558 0.895212 -0.743871 0.001060 -0.098657 -0.051137 0.148131
GAGG 0.839882 -0.950999 -0.056614 0.114054 0.002654 0.188483 1.877770 -2.904275 -1.229211 -0.774123 9.920941 -1.725439 -0.185051 0.216744 2.802882 0.178361 -0.749371 3.317882 1.186107 -3.057521 -1.148356 -0.973571 9.698503 -1.778142 0.890401 -0.688275 -0.032161 -0.156913 -0.078868 0.243413
AAGG 1.024128 -1.124485 0.070915 0.071009 -0.008061 0.204873 2.111708 -2.836858 -1.456861 -0.634188 10.008225 -1.506039 -0.211554 0.237865 2.966678 -0.030075 -0.789182 3.377697 1.194443 -3.350123 -1.525065 -0.724190 9.638939 -1.498683 0.740191 -0.707914 -0.031203 -0.181682 -0.083933 0.206961
TAGA 0.505539 -0.655636 0.099009 0.085611 0.000843 0.110803 1.282395 -2.716039 -1.049596 -0.968578 9.792085 -2.072275 -0.192114 0.282133 2.782985 -0.221471 -0.402064 3.258048 0.185598 -3.437907 -1.397936 -0.834806 9.353817 -1.855229 0.845111 -0.760941 0.006403 -0.100550 -0.050211 0.141944
AAGC 0.813507 -1.334324 0.064139 0.070896 -0.018341 0.194614 2.114631 -2.926861 -1.403368 -0.637405 10.012292 -1.538755 -0.228122 0.285830 3.063487 -0.153547 -0.814242 3.443917 1.525063 -3.573990 -1.561865 -0.619567 9.722684 -1.380523 0.204486 -0.900878 -0.078961 -0.147513 -0.091917 0.197863
CAGC 0.504866 -0.712076 0.071070 0.061618 -0.012066 0.129489 1.450605 -2.910720 -1.059656 -0.828795 9.851000 -2.023541 -0.280837 0.179020 3.001811 -0.310229 -0.516526 3.312679 0.630234 -3.790832 -1.859616 -0.505837 9.461708 -1.471964 0.522493 -0.787561 -0.062194 -0.111992 -0.073339 0.242288
AAGT 0.773525 -1.416855 0.071162 0.064967 -0.020761 0.186129 2.271566 -2.957203 -1.402510 -0.635841 10.054546 -1.439078 -0.235263 0.319218 3.167695 -0.203987 -0.933218 3.543567 2.019021 -3.592840 -1.839697 -0.409060 9.822071 -0.994966 -0.251413 -1.115287 -0.033696 -0.150773 -0.090007 0.130779
GAGC 0.631193 -1.143491 -0.051778 0.111914 -0.007831 0.166242 1.899349 -3.001519 -1.191926 -0.755294 9.927122 -1.746204 -0.206735 0.261177 2.909753 0.044072 -0.783284 3.385216 1.494418 -3.293848 -1.190906 -0.857843 9.781332 -1.634673 0.356146 -0.863479 -0.082405 -0.128363 -0.089720 0.224786
TAGG 0.588289 -0.586745 0.123808 0.081493 -0.001301 0.151159 1.295610 -2.746505 -0.980155 -0.986403 9.818901 -2.084837 -0.267335 0.161468 2.879609 -0.324256 -0.441846 3.227367 0.223541 -3.596624 -1.908171 -0.536897 9.314865 -1.553917 0.960123 -0.640891 -0.015669 -0.146967 -0.063340 0.260669
GAGT 0.611965 -1.252808 -0.027928 0.103732 -0.010897 0.155882 2.086243 -3.033140 -1.222855 -0.727760 9.984190 -1.625074 -0.224097 0.295585 3.054004 -0.049438 -0.909374 3.496913 2.036816 -3.385127 -1.584512 -0.561262 9.884571 -1.180093 -0.150181 -1.098067 -0.038541 -0.136872 -0.091006 0.152204
CAGG 0.675396 -0.513916 0.058741 0.060811 -0.003970 0.151167 1.434683 -2.826901 -1.088158 -0.839618 9.847454 -2.003951 -0.258969 0.133190 2.900313 -0.176516 -0.503876 3.247435 0.404796 -3.485725 -1.784414 -0.612094 9.393331 -1.595776 1.015721 -0.627248 -0.021804 -0.146487 -0.065049 0.266247
TAGT 0.383354 -0.900858 0.193382 0.073743 -0.011116 0.132712 1.437700 -2.819422 -1.030150 -0.929599 9.872836 -1.996368 -0.303551 0.238290 3.127446 -0.581924 -0.530133 3.395235 0.765875 -3.980921 -2.295501 -0.177084 9.424360 -1.009120 -0.019559 -1.017435 -0.013030 -0.106198 -0.069498 0.174636
TAGC 0.443118 -0.779691 0.139873 0.078526 -0.008651 0.137722 1.321390 -2.813869 -0.975293 -0.959397 9.831163 -2.089915 -0.291713 0.200987 3.003999 -0.482221 -0.447895 3.295524 0.416284 -3.975981 -2.062273 -0.388336 9.363494 -1.398170 0.473927 -0.800627 -0.054039 -0.112692 -0.070499 0.238169
CAGT 0.456564 -0.845180 0.108359 0.056113 -0.014698 0.112625 1.593959 -2.937422 -1.110309 -0.796423 9.892423 -1.922899 -0.298013 0.222305 3.123851 -0.385099 -0.617121 3.418588 1.068397 -3.778954 -2.083095 -0.293753 9.556699 -1.080423 0.014424 -1.012692 -0.024194 -0.109781 -0.075180 0.174678
GGAA 0.501908 -0.636537 -0.015871 -0.131711 -0.073655 -0.081308 1.313407 -2.958607 -1.799743 -0.513322 9.702981 -1.646732 0.010003 0.134164 3.375268 -0.228031 -0.286733 3.373110 0.809041 -3.847989 -2.154934 -0.202690 9.271946 -1.578716 0.352825 -1.127395 0.032386 0.091645 -0.007588 -0.116779
AGAA 0.911832 -0.732193 0.000402 -0.106718 -0.053181 0.117340 1.580815 -2.964679 -2.023463 -0.313706 9.791681 -1.360315 0.102140 0.114942 3.496248 -0.257258 -0.281328 3.453319 0.599495 -4.002880 -2.297055 -0.105266 9.204593 -1.526214 0.415291 -1.225428 -0.013462 0.090779 -0.002781 -0.099724
AGAT 0.622480 -0.910705 -0.002967 -0.112419 -0.066421 0.113047 1.652042 -3.062287 -2.049890 -0.279759 9.778748 -1.367562 0.014192 0.063828 3.617169 -0.310122 -0.395740 3.507489 1.245691 -4.015901 -2.542396 0.060387 9.312683 -1.144529 -0.195774 -1.212046 -0.057167 0.094491 0.006392 -0.019413
TGAA 0.547463 -0.330954 0.021173 -0.139766 -0.062809 -0.025366 0.868709 -2.617259 -1.357434 -0.801391 9.656375 -2.059505 -0.106613 0.195865 3.388262 -0.710520 0.057051 3.347959 -0.422559 -4.680220 -2.672753 0.162201 8.907290 -1.438682 0.568874 -1.083895 -0.053441 0.117822 0.008599 -0.054633
AGAC 0.745381 -0.801855 -0.000379 -0.110465 -0.060931 0.129236 1.537116 -2.974073 -1.996198 -0.296203 9.753822 -1.495245 -0.007427 0.041095 3.584104 -0.367998 -0.249782 3.423138 0.647769 -4.190287 -2.441178 0.012582 9.171459 -1.438968 0.310144 -1.055285 -0.120745 0.136323 0.007288 0.053838
AGAG 0.948321 -0.728431 0.000585 -0.109294 -0.052524 0.161743 1.387824 -2.879107 -2.021160 -0.317917 9.739884 -1.493260 -0.013973 0.010489 3.539544 -0.287217 -0.188581 3.388473 0.367725 -4.129151 -2.435018 -0.032766 9.112384 -1.545049 0.643115 -1.168482 -0.031014 0.094597 -0.006497 0.142147
GGAC 0.299827 -0.711466 -0.012923 -0.141715 -0.079158 -0.076813 1.231078 -2.950290 -1.726193 -0.531923 9.654314 -1.809519 -0.110413 0.062912 3.456213 -0.351784 -0.255676 3.338522 0.877351 -4.036708 -2.297543 -0.082766 9.241627 -1.477361 0.225835 -0.947952 -0.070210 0.135235 0.001406 0.039044
CGAA 0.673283 -0.289037 -0.001852 -0.136045 -0.061602 0.046405 0.949023 -2.740401 -1.323018 -0.811800 9.646284 -2.084916 -0.079185 0.229164 3.350186 -0.626468 0.069982 3.363293 -0.341672 -4.492000 -2.573364 0.086676 8.927995 -1.564583 0.674376 -1.141535 -0.051277 0.112566 0.005692 -0.019131
GGAG 0.516116 -0.624308 -0.015794 -0.141028 -0.073336 -0.040214 1.095238 -2.866007 -1.719413 -0.576667 9.646075 -1.816966 -0.111957 0.039438 3.399476 -0.270003 -0.195011 3.304456 0.593152 -3.958679 -2.286214 -0.134802 9.182156 -1.599153 0.579265 -1.067683 0.021510 0.092310 -0.010444 0.126091
CGAG 0.646594 -0.259711 -0.000490 -0.144850 -0.063398 0.072998 0.703680 -2.604232 -1.152775 -0.940400 9.585713 -2.308967 -0.221176 0.137712 3.375792 -0.738618 0.175271 3.296146 -0.614953 -4.709896 -2.764595 0.193418 8.822101 -1.535474 0.854473 -1.079488 -0.083065 0.129081 0.000230 0.217238
GGAT 0.190586 -0.844226 -0.010147 -0.140916 -0.081689 -0.088170 1.371677 -3.048412 -1.875225 -0.444464 9.681356 -1.640576 -0.086833 0.070111 3.525857 -0.288464 -0.403778 3.425610 1.502726 -3.880702 -2.451123 0.002191 9.375106 -1.156731 -0.294638 -1.108703 -0.007654 0.092315 0.002788 -0.029219
TGAC 0.333168 -0.364505 0.023937 -0.150311 -0.069276 -0.032264 0.697240 -2.584641 -1.180534 -0.908499 9.582015 -2.306582 -0.247646 0.127306 3.461782 -0.893395 0.137720 3.303847 -0.537108 -5.009863 -2.881488 0.314766 8.835476 -1.331777 0.476534 -0.896673 -0.160676 0.171908 0.016796 0.105705
TGAT 0.279819 -0.491366 0.030375 -0.143015 -0.070130 -0.037472 0.805779 -2.694552 -1.356575 -0.801013 9.595583 -2.162553 -0.220765 0.140602 3.524652 -0.824084 0.044563 3.381801 -0.150887 -4.895000 -2.994627 0.353315 8.933422 -1.090745 0.060237 -1.075217 -0.111964 0.133989 0.015867 0.035494
TGAG 0.516236 -0.300158 0.021877 -0.150350 -0.064332 0.001366 0.641171 -2.487106 -1.201328 -0.916470 9.597737 -2.266846 -0.243753 0.102676 3.417992 -0.818526 0.153726 3.282565 -0.672549 -4.901644 -2.857603 0.267267 8.806903 -1.407154 0.740279 -1.008803 -0.087734 0.134814 0.003435 0.178435
CGAT 0.399910 -0.465290 0.005751 -0.137763 -0.070199 0.027139 0.871770 -2.810835 -1.274689 -0.833589 9.580508 -2.200867 -0.198173 0.176257 3.479091 -0.737570 0.055030 3.399912 -0.036908 -4.664448 -2.883527 0.276476 8.974952 -1.218837 0.140507 -1.142486 -0.116102 0.128385 0.010689 0.065464
CGAC 0.461281 -0.340449 0.001904 -0.144772 -0.068922 0.038495 0.749488 -2.693036 -1.108971 -0.937067 9.565945 -2.351292 -0.225334 0.161703 3.422514 -0.816749 0.161010 3.319132 -0.463850 -4.803222 -2.784096 0.242970 8.855123 -1.464105 0.575687 -0.970329 -0.164902 0.166496 0.013472 0.141323
AGGA 0.981345 -0.615645 -0.024689 -0.146544 -0.064569 0.258431 1.968399 -3.596462 -1.851138 -0.304226 9.875056 -1.051169 0.192686 0.382570 3.120024 0.149115 -0.659059 3.533384 1.081406 -3.473202 -1.393606 -0.765704 9.660946 -1.517795 0.219310 -0.785469 -0.009057 -0.153988 -0.083393 -0.099224
AGGG 1.027018 -0.547548 -0.023727 -0.151746 -0.064828 0.254784 2.150504 -3.526753 -1.802657 -0.319056 9.912973 -1.049636 0.104724 0.296943 3.161413 0.077903 -0.750059 3.502072 1.316137 -3.550888 -1.722483 -0.568152 9.649050 -1.279721 0.349155 -0.596832 -0.036808 -0.194198 -0.092888 -0.007106
GGGA 0.605916 -0.464499 -0.044417 -0.162213 -0.077830 0.049336 1.605493 -3.539664 -1.620779 -0.469522 9.804379 -1.358458 0.101401 0.382470 2.998239 0.158635 -0.626803 3.456994 1.125271 -3.422641 -1.242625 -0.864719 9.694035 -1.591727 0.211068 -0.678584 -0.006332 -0.152104 -0.083655 -0.128140
AGGT 0.793660 -0.775894 -0.027741 -0.179361 -0.084012 0.224438 2.777445 -3.644807 -1.661723 -0.367627 10.069570 -0.762689 0.152367 0.416519 3.275079 0.018266 -1.170987 3.714826 2.696945 -3.519785 -1.720099 -0.446352 9.979134 -0.688616 -0.798296 -1.035003 -0.006410 -0.181036 -0.069065 -0.097987
AGGC 0.846818 -0.715938 -0.025910 -0.156759 -0.076811 0.246595 2.468225 -3.503217 -1.651905 -0.374736 10.002032 -1.010668 0.091922 0.345056 3.238024 -0.073902 -0.910232 3.587303 1.873466 -3.779545 -1.752398 -0.464804 9.775120 -1.056761 -0.227627 -0.814292 -0.070044 -0.159612 -0.083108 -0.008953
CGGG 0.728013 -0.151240 -0.023118 -0.128991 -0.066878 0.188969 1.204715 -3.277250 -1.251622 -0.683019 9.733458 -1.843685 -0.069466 0.294674 3.073442 -0.233060 -0.274119 3.349471 0.182142 -3.922742 -2.117826 -0.321155 9.283745 -1.446157 0.743968 -0.558879 -0.043326 -0.156120 -0.077908 0.105466
CGGA 0.668288 -0.230693 -0.032889 -0.135147 -0.069742 0.186006 1.177906 -3.391873 -1.368143 -0.619206 9.717687 -1.735570 0.051876 0.382733 3.019555 -0.091589 -0.276778 3.394362 0.237302 -3.718666 -1.672084 -0.579489 9.368460 -1.683038 0.559744 -0.702771 -0.019456 -0.125422 -0.071946 -0.017082
GGGT 0.417004 -0.669813 -0.032999 -0.189263 -0.092793 0.013139 2.362754 -3.581988 -1.554574 -0.442123 9.995132 -1.053345 0.047699 0.403296 3.207862 0.013953 -1.112337 3.633700 2.700604 -3.557164 -1.653372 -0.487684 9.980860 -0.743536 -0.812939 -0.915221 -0.003396 -0.176691 -0.066619 -0.118365
GGGG 0.636450 -0.403304 -0.043215 -0.170512 -0.079758 0.039125 1.781972 -3.469470 -1.557592 -0.495163 9.847571 -1.358397 0.014503 0.301079 3.035873 0.088251 -0.727379 3.427693 1.383515 -3.495598 -1.547013 -0.675529 9.693533 -1.351743 0.318927 -0.485749 -0.033547 -0.189577 -0.092412 -0.044743
GGGC 0.450441 -0.588494 -0.037993 -0.173791 -0.087910 0.029430 2.067911 -3.447680 -1.460866 -0.511992 9.924230 -1.317603 -0.004414 0.342367 3.128816 -0.057502 -0.871396 3.507114 1.901548 -3.728551 -1.584836 -0.567694 9.805860 -1.132457 -0.248996 -0.696744 -0.065414 -0.154445 -0.081307 -0.038253
TGGA 0.535422 -0.215800 -0.009771 -0.134775 -0.065994 0.095450 1.119546 -3.232687 -1.348676 -0.682842 9.746735 -1.761874 0.001376 0.381199 3.023836 -0.230199 -0.300244 3.375978 0.180815 -3.870496 -1.797649 -0.485487 9.334475 -1.551803 0.479172 -0.652720 -0.019862 -0.121667 -0.068720 -0.042958
TGGG 0.582970 -0.136354 -0.001372 -0.132362 -0.064939 0.095564 1.135223 -3.132957 -1.236227 -0.746186 9.757703 -1.869891 -0.117741 0.289906 3.078443 -0.367581 -0.297019 3.330148 0.127660 -4.078595 -2.251077 -0.228576 9.247703 -1.309123 0.660242 -0.491913 -0.043937 -0.153083 -0.075363 0.072295
CGGT 0.535203 -0.428661 -0.017062 -0.136914 -0.076983 0.164244 1.595174 -3.420537 -1.253146 -0.642762 9.816441 -1.635009 -0.043186 0.389398 3.227280 -0.278822 -0.533215 3.536589 1.127550 -3.971374 -2.141377 -0.182302 9.536085 -0.964685 -0.268998 -0.949674 -0.022541 -0.125952 -0.063979 0.025494
TGGC 0.448700 -0.284697 0.006554 -0.129217 -0.069990 0.086948 1.249581 -3.071967 -1.105776 -0.812726 9.797440 -1.927601 -0.164311 0.322952 3.184285 -0.578688 -0.326393 3.387421 0.294463 -4.536853 -2.445567 -0.048343 9.267093 -1.122567 0.231900 -0.668255 -0.068501 -0.112447 -0.065264 0.082507
CGGC 0.588669 -0.302503 -0.018025 -0.126619 -0.072727 0.174051 1.361243 -3.237001 -1.111800 -0.746186 9.775413 -1.884515 -0.109450 0.332482 3.164506 -0.415984 -0.329174 3.411965 0.421339 -4.304016 -2.245331 -0.174801 9.337568 -1.266240 0.295138 -0.735878 -0.072948 -0.118617 -0.070760 0.106271
TGGT 0.381704 -0.411762 0.009588 -0.135901 -0.073674 0.078383 1.420412 -3.229772 -1.243214 -0.719671 9.829037 -1.712324 -0.107200 0.376669 3.243486 -0.456558 -0.499952 3.500499 0.918969 -4.216872 -2.348680 -0.056499 9.431421 -0.837284 -0.300525 -0.869101 -0.019316 -0.116003 -0.056755 0.011571
AGCT 0.473694 -0.888148 -0.057550 -0.131695 -0.082085 0.221462 2.151902 -3.534777 -2.244989 -0.088895 9.764612 -0.964757 0.000000 -0.087439 3.590882 0.000000 -0.780953 3.561683 2.151902 -3.534777 -2.244989 -0.088895 9.764612 -0.964757 -0.473694 -0.888148 -0.057550 0.131695 -0.082085 0.221462
TGCA -0.019558 -0.350282 -0.065660 -0.094525 -0.068371 0.128106 0.349934 -3.804885 -2.235956 -0.135103 9.445715 -1.393284 -0.000000 -0.080099 3.390973 -0.000000 -0.212425 3.361753 0.349934 -3.804885 -2.235956 -0.135103 9.445715 -1.393284 0.019558 -0.350282 -0.065660 0.094525 -0.068371 0.128106
CGCG 0.072166 -0.453916 -0.084460 -0.107386 -0.082092 0.222109 0.741157 -3.757307 -2.019433 -0.219631 9.523655 -1.519153 -0.000000 -0.093304 3.372733 -0.000000 -0.254701 3.411397 0.741157 -3.757307 -2.019433 -0.219631 9.523655 -1.519153 -0.072166 -0.453916 -0.084460 0.107386 -0.082092 0.222109
GGCC 0.195056 -0.697855 -0.048538 -0.142671 -0.075958 0.011312 2.047903 -3.533023 -2.057798 -0.188237 9.752574 -1.218651 -0.000000 -0.007122 3.473021 -0.000000 -0.754459 3.427329 2.047903 -3.533023 -2.057798 -0.188237 9.752574 -1.218651 -0.195056 -0.697855 -0.048538 0.142671 -0.075958 0.011312
CGCC 0.359749 -0.396568 -0.046797 -0.105336 -0.074011 0.168430 1.631495 -3.496004 -1.807481 -0.305242 9.711262 -1.481876 0.023986 -0.058185 3.422205 -0.129906 -0.455625 3.407456 0.854567 -3.831099 -2.334462 -0.088130 9.507016 -1.303082 0.141926 -0.737654 -0.086398 0.133293 -0.075522 0.057934
TGCG -0.096046 -0.393447 -0.060395 -0.097433 -0.071278 0.128153 0.628866 -3.390090 -1.933066 -0.320388 9.551203 -1.621909 -0.093382 -0.088810 3.386192 -0.256117 -0.231187 3.387327 0.434315 -4.199992 -2.331644 -0.029805 9.413570 -1.285657 -0.151430 -0.413172 -0.088000 0.104261 -0.078864 0.223770
TGCC 0.177961 -0.350788 -0.024315 -0.097473 -0.066933 0.075204 1.404723 -3.230276 -1.749818 -0.406704 9.717423 -1.602409 -0.055520 -0.055211 3.424632 -0.345978 -0.402546 3.373057 0.488949 -4.215191 -2.620537 0.059712 9.389551 -1.120174 0.092547 -0.681314 -0.086624 0.130408 -0.072611 0.045890
GGCT 0.113146 -0.792104 -0.055923 -0.143143 -0.076972 0.029518 1.869723 -3.533994 -2.161802 -0.152209 9.713789 -1.187228 -0.100965 -0.047389 3.537650 -0.020528 -0.773093 3.495289 2.359161 -3.543956 -2.165429 -0.108907 9.804967 -0.977831 -0.559125 -0.791232 -0.046199 0.133344 -0.078588 0.201908
CGCT 0.275937 -0.523923 -0.058191 -0.105011 -0.077199 0.186638 1.434596 -3.521472 -1.924010 -0.261644 9.664585 -1.448562 -0.072213 -0.101624 3.494433 -0.140730 -0.467598 3.479300 1.151294 -3.822206 -2.398894 -0.015450 9.577122 -1.083462 -0.252970 -0.862666 -0.086971 0.119986 -0.084353 0.250307
TGCT 0.094437 -0.480300 -0.033247 -0.094971 -0.069015 0.098057 1.192825 -3.232260 -1.878202 -0.350298 9.666356 -1.557493 -0.146986 -0.099227 3.502777 -0.361612 -0.406083 3.444838 0.750671 -4.234301 -2.684073 0.129166 9.444529 -0.905149 -0.301126 -0.800913 -0.088422 0.119752 -0.080735 0.234975
CATG -0.346377 -0.736648 0.046265 0.061658 0.000806 0.019219 1.419621 -2.694044 -1.131850 -0.895155 9.837171 -1.997409 0.000000 -0.117627 2.797426 0.000000 -0.794643 3.190015 1.419621 -2.694044 -1.131850 -0.895155 9.837171 -1.997409 0.346377 -0.736648 0.046265 -0.061658 0.000806 0.019219
TATA -0.418878 -0.759019 0.057022 0.058219 0.009616 0.039444 1.272495 -2.586776 -1.103254 -0.963626 9.788635 -2.044036 0.000000 -0.052973 2.735681 0.000000 -0.757082 3.147784 1.272495 -2.586776 -1.103254 -0.963626 9.788635 -2.044036 0.418878 -0.759019 0.057022 -0.058219 0.009616 0.039444
GATC -0.105461 -1.195432 -0.085058 0.115199 0.008904 -0.001870 1.828283 -2.765760 -1.286619 -0.794920 9.936163 -1.803454 -0.000000 -0.149727 2.931250 -0.000000 -0.917108 3.267287 1.828283 -2.765760 -1.286619 -0.794920 9.936163 -1.803454 0.105461 -1.195432 -0.085058 -0.115199 0.008904 -0.001870
AATT 0.066721 -1.443283 -0.039843 0.094582 -0.005462 0.009843 2.065584 -2.703376 -1.486885 -0.686014 10.006564 -1.590501 0.000000 -0.142519 3.045655 -0.000000 -1.001973 3.332945 2.065584 -2.703376 -1.486885 -0.686014 10.006564 -1.590501 -0.066721 -1.443283 -0.039843 -0.094582 -0.005462 0.009843
CATA -0.296790 -0.709408 0.053024 0.059186 0.002457 0.034948 1.383390 -2.637243 -1.168850 -0.891234 9.819884 -1.974515 -0.002113 -0.086463 2.768548 0.017616 -0.776024 3.169327 1.313617 -2.640188 -1.078027 -0.960861 9.806214 -2.060749 0.466840 -0.787019 0.047728 -0.059200 0.008051 0.025131
GATT -0.025307 -1.246077 -0.091247 0.118748 0.011667 -0.011424 1.895404 -2.721236 -1.316681 -0.796194 9.957907 -1.758230 -0.028229 -0.147099 2.991371 0.002720 -0.961733 3.301940 2.012575 -2.747917 -1.470337 -0.676279 9.990152 -1.626024 0.003941 -1.403711 -0.035244 -0.092142 -0.008021 0.018451
CATC -0.361951 -0.901880 0.013542 0.076797 0.003861 -0.020645 1.576365 -2.775688 -1.138215 -0.874073 9.877170 -1.972979 -0.029360 -0.136535 2.868471 -0.096706 -0.861466 3.229955 1.706720 -2.708975 -1.294676 -0.808892 9.904300 -1.814222 0.076879 -1.057343 -0.057561 -0.105376 0.006149 0.028425
TATC -0.446526 -0.979653 0.004781 0.071321 0.011878 -0.017768 1.496787 -2.724181 -1.115936 -0.914323 9.853211 -2.016260 -0.027734 -0.111530 2.854137 -0.103235 -0.845468 3.215623 1.690769 -2.668363 -1.338520 -0.800660 9.891343 -1.786877 0.028368 -1.050789 -0.057596 -0.106817 0.008125 0.039233
TATT -0.356634 -1.048766 -0.004052 0.076240 0.014591 -0.033769 1.572485 -2.688254 -1.166688 -0.898548 9.877509 -1.957520 -0.056022 -0.113599 2.931213 -0.100378 -0.894664 3.253891 1.900303 -2.650215 -1.550995 -0.653464 9.950633 -1.593158 -0.085516 -1.272119 -0.011626 -0.085855 -0.007663 0.052158
CATT -0.290535 -0.957576 0.006151 0.080998 0.006393 -0.036959 1.646501 -2.736431 -1.182748 -0.864355 9.899546 -1.919438 -0.058096 -0.137468 2.940434 -0.099689 -0.911493 3.266053 1.917661 -2.692243 -1.509213 -0.663050 9.962643 -1.617912 -0.041702 -1.268838 -0.011646 -0.084152 -0.009729 0.043553
AACC 0.693201 -1.102955 -0.007925 0.104967 -0.011211 0.063390 2.463771 -3.000263 -1.637683 -0.486815 9.976821 -1.349608 -0.050307 -0.082740 3.209326 0.101196 -0.894028 3.404575 1.478743 -3.061803 -1.738647 -0.519557 9.818462 -1.490253 0.454068 -1.013568 -0.007431 0.155936 -0.067660 -0.055762
GACA 0.337736 -0.888937 -0.145641 0.163134 0.015873 0.097042 1.516437 -3.288968 -1.811512 -0.423401 9.705672 -1.540332 -0.012844 -0.023208 2.982135 0.503228 -0.677539 3.291166 1.125284 -2.721346 -1.080317 -0.978896 9.827169 -1.999166 0.618940 -0.698295 0.017924 0.128913 -0.053064 0.037171
AACG 0.393551 -1.156018 -0.047577 0.116047 -0.007898 0.110061 1.802548 -3.063337 -1.812562 -0.426186 9.834310 -1.464128 -0.062047 -0.038123 3.094412 0.219466 -0.721127 3.377889 1.290806 -3.037042 -1.316848 -0.781566 9.810079 -1.768048 0.277119 -0.774444 -0.004880 0.125432 -0.067061 0.108174
GACG 0.241554 -0.947065 -0.150828 0.156153 0.010958 0.113129 1.542419 -3.187772 -1.678431 -0.493877 9.747856 -1.655216 -0.044064 -0.032667 2.991112 0.360106 -0.652130 3.320072 1.238261 -2.911569 -1.122432 -0.908132 9.811679 -1.955514 0.403124 -0.707782 -0.005626 0.123434 -0.066690 0.115880
AACA 0.489891 -1.089971 -0.044460 0.121253 -0.003204 0.090231 1.788416 -3.145021 -1.950012 -0.355951 9.791987 -1.350458 -0.034024 -0.032113 3.089829 0.351908 -0.744064 3.350047 1.163303 -2.848913 -1.287082 -0.839066 9.821000 -1.800166 0.489004 -0.778848 0.019081 0.130313 -0.054391 0.031313
CACG -0.021834 -0.525446 -0.062085 0.111806 -0.001831 0.083578 1.232821 -3.105037 -1.478570 -0.584621 9.694275 -1.911190 -0.086139 -0.065026 2.967663 0.134998 -0.510449 3.268111 0.708356 -3.091271 -1.343461 -0.797037 9.650435 -1.882489 0.431051 -0.616318 -0.010697 0.122056 -0.065665 0.126883
CACA 0.081763 -0.449741 -0.062010 0.116357 0.002888 0.065528 1.231458 -3.172575 -1.585157 -0.523992 9.664719 -1.810647 -0.058516 -0.056561 2.955250 0.264704 -0.540098 3.239745 0.592547 -2.860037 -1.288397 -0.853894 9.661200 -1.906479 0.655087 -0.610582 0.007823 0.125553 -0.051884 0.047035
TACA -0.040645 -0.480307 -0.033442 0.115730 0.003690 0.068726 1.179583 -3.054692 -1.519785 -0.616590 9.660811 -1.880843 -0.066312 -0.041730 2.928431 0.165711 -0.518614 3.223055 0.493402 -2.902971 -1.353831 -0.808480 9.627831 -1.842117 0.581762 -0.597955 0.009849 0.122406 -0.050640 0.059739
GACC 0.583036 -0.963212 -0.104883 0.147060 0.006614 0.068291 2.261872 -3.108723 -1.513123 -0.540069 9.915065 -1.515775 -0.038562 -0.077308 3.125351 0.234912 -0.846814 3.360223 1.504599 -2.934895 -1.563729 -0.617855 9.846471 -1.654869 0.546154 -0.981861 -0.011780 0.152703 -0.066115 -0.041781
TACC 0.206708 -0.566221 0.007227 0.115131 -0.003911 0.033748 1.729226 -3.001277 -1.329410 -0.691273 9.829511 -1.839883 -0.079658 -0.114231 3.094282 -0.074827 -0.627371 3.282851 0.669185 -3.212871 -1.910334 -0.455271 9.598914 -1.526611 0.535788 -0.879942 -0.012764 0.145191 -0.061069 -0.034690
CACC 0.335694 -0.510640 -0.029123 0.109620 -0.004844 0.024039 1.847859 -3.087100 -1.364568 -0.604437 9.847402 -1.779968 -0.078024 -0.125677 3.120335 0.017316 -0.665465 3.299795 0.811762 -3.149208 -1.859710 -0.480809 9.639952 -1.568034 0.620956 -0.895051 -0.018079 0.150357 -0.063031 -0.049349
TACG -0.140902 -0.552809 -0.038571 0.110384 -0.000446 0.084999 1.175476 -3.002465 -1.436275 -0.661205 9.683633 -1.968298 -0.094569 -0.051521 2.947842 0.047179 -0.488895 3.251252 0.614703 -3.152603 -1.423300 -0.749722 9.617409 -1.819244 0.363485 -0.598394 -0.008888 0.119534 -0.064536 0.139593
GACT 0.476623 -1.075504 -0.119744 0.142782 0.006603 0.069430 2.205069 -3.050671 -1.538859 -0.540834 9.915138 -1.528023 -0.162029 -0.099553 3.188332 0.155163 -0.903165 3.433804 1.859561 -3.037296 -1.697047 -0.481068 9.954396 -1.346495 0.107015 -1.095205 -0.026303 0.127637 -0.083359 0.161611
AACT 0.579863 -1.223758 -0.022963 0.102461 -0.011562 0.071310 2.381325 -2.952476 -1.653431 -0.492698 9.970991 -1.369941 -0.165810 -0.098312 3.255389 0.043010 -0.943313 3.473293 1.815214 -3.123436 -1.805010 -0.430727 9.925829 -1.220907 0.027816 -1.116024 -0.022996 0.133002 -0.083397 0.147284
TACT 0.100696 -0.696057 0.002955 0.108835 -0.003586 0.038360 1.674308 -2.931587 -1.366683 -0.684734 9.828874 -1.842085 -0.200222 -0.139984 3.168667 -0.166191 -0.681087 3.358185 1.009205 -3.304480 -2.040880 -0.309741 9.701125 -1.212200 0.083922 -1.008450 -0.027190 0.121471 -0.078656 0.167584
CACT 0.223002 -0.649925 -0.033020 0.104016 -0.005288 0.024773 1.783690 -3.021702 -1.394756 -0.605489 9.844111 -1.789225 -0.203133 -0.147310 3.188802 -0.071878 -0.718345 3.376492 1.165472 -3.234954 -1.975979 -0.343017 9.750108 -1.258186 0.154939 -1.020172 -0.032763 0.125312 -0.081391 0.156194
